#Total(seconds)   GW(seconds)       Red(seconds)      White(seconds)
0.000004667487952 0.000004653535385 0.000000010498170 0.000000003454398
0.000004688921320 0.000004705659502 0.000000009704088 -0.000000026442270
0.000004801127176 0.000004742692208 -0.000000006250419 0.000000064685387
0.000004771746589 0.000004775284444 -0.000000010549987 0.000000007012132
0.000004827507032 0.000004823316071 -0.000000003529749 0.000000007720710
0.000004834387338 0.000004861761341 0.000000004584212 -0.000000031958215
0.000004816739735 0.000004900545790 -0.000000005725148 -0.000000078080906
0.000004903790644 0.000004924549128 -0.000000005891306 -0.000000014867178
0.000004961632509 0.000004944896600 -0.000000009665553 0.000000026401462
0.000004974322175 0.000004963026713 -0.000000006695883 0.000000017991345
0.000004936822243 0.000004979249558 -0.000000006049365 -0.000000036377949
0.000004977112865 0.000005002656763 -0.000000025623835 0.000000000079938
0.000005019493475 0.000005020395025 -0.000000018131746 0.000000017230197
0.000004997383167 0.000005053158268 -0.000000026273696 -0.000000029501405
0.000005035220160 0.000005075519500 -0.000000032842632 -0.000000007456707
0.000005082310925 0.000005106117086 -0.000000028027035 0.000000004220873
0.000005045149318 0.000005125270725 -0.000000025528984 -0.000000054592423
0.000005120624082 0.000005164775899 -0.000000020860418 -0.000000023291399
0.000005125076280 0.000005192518317 -0.000000031065576 -0.000000036376462
0.000005234412152 0.000005218800270 -0.000000022223921 0.000000037835803
0.000005155737035 0.000005250647460 -0.000000026519408 -0.000000068391017
0.000005257734281 0.000005289509754 -0.000000023958361 -0.000000007817112
0.000005408028760 0.000005326360879 -0.000000024707784 0.000000106375665
0.000005349320675 0.000005357143168 -0.000000015125573 0.000000007303081
0.000005411426981 0.000005390437928 -0.000000014248496 0.000000035237548
0.000005431263961 0.000005442223043 -0.000000010596753 -0.000000000362328
0.000005502057792 0.000005481428603 -0.000000016295342 0.000000036924531
0.000005510975117 0.000005521854394 -0.000000011748346 0.000000000869068
0.000005579111786 0.000005573163998 -0.000000013234134 0.000000019181921
0.000005575666596 0.000005612381244 -0.000000008507797 -0.000000028206851
0.000005710647071 0.000005684463440 0.000000003789387 0.000000022394245
0.000005741060939 0.000005727309114 0.000000005035825 0.000000008716001
0.000005876609613 0.000005796036191 0.000000026517374 0.000000054056048
0.000005855629534 0.000005876245216 0.000000038424698 -0.000000059040379
0.000006044422922 0.000005981008070 0.000000028619833 0.000000034795019
0.000006109531973 0.000006043036221 0.000000023982358 0.000000042513394
0.000006174058160 0.000006140678482 0.000000034771065 -0.000000001391388
0.000006365056890 0.000006248830569 0.000000043151685 0.000000073074636
0.000006361819879 0.000006332089176 0.000000042663150 -0.000000012932446
0.000006480842394 0.000006440843799 0.000000010590184 0.000000029408412
0.000006484751521 0.000006508039072 0.000000021365082 -0.000000044652633
0.000006600027898 0.000006592353264 0.000000004926628 0.000000002748006
0.000006701448854 0.000006691687733 0.000000022781273 -0.000000013020152
0.000006784666022 0.000006751398843 0.000000033402104 -0.000000000134925
0.000006963605524 0.000006830732907 0.000000040055511 0.000000092817106
0.000006873756756 0.000006935159775 0.000000003884537 -0.000000065287556
0.000006994114806 0.000007021488479 -0.000000004960143 -0.000000022413530
0.000007056700827 0.000007073984078 -0.000000000498409 -0.000000016784842
0.000007186661069 0.000007172751646 -0.000000006044558 0.000000019953982
0.000007234950551 0.000007251955583 -0.000000009531759 -0.000000007473273
0.000007305196314 0.000007330775991 -0.000000021709267 -0.000000003870409
0.000007384792558 0.000007408399496 -0.000000020850543 -0.000000002756395
0.000007483961311 0.000007467360327 -0.000000030213911 0.000000046814894
0.000007509444865 0.000007569665005 -0.000000022590286 -0.000000037629854
0.000007712406827 0.000007664967437 -0.000000020841072 0.000000068280463
0.000007668258237 0.000007725897418 -0.000000027076549 -0.000000030562632
0.000007848209507 0.000007849388582 -0.000000034903743 0.000000033724668
0.000007957660934 0.000007945794344 -0.000000024560605 0.000000036427195
0.000007978796771 0.000008025624021 -0.000000022862597 -0.000000023964653
0.000008110267381 0.000008136172124 -0.000000019812184 -0.000000006092558
0.000008241073715 0.000008247657372 -0.000000046722040 0.000000040138383
0.000008247401060 0.000008318606175 -0.000000046651682 -0.000000024553432
0.000008316782803 0.000008382563777 -0.000000042126580 -0.000000023654394
0.000008400825014 0.000008453459577 -0.000000024471478 -0.000000028163085
0.000008476172540 0.000008517214286 -0.000000038234772 -0.000000002806974
0.000008563538839 0.000008578230702 -0.000000029560029 0.000000014868166
0.000008662972959 0.000008681436522 -0.000000021379539 0.000000002915977
0.000008707627793 0.000008756253496 -0.000000032270096 -0.000000016355607
0.000008851076757 0.000008881499628 -0.000000035579243 0.000000005156372
0.000008964344157 0.000008986734883 -0.000000031131533 0.000000008740808
0.000009104457729 0.000009074888580 -0.000000013625112 0.000000043194260
0.000009216251215 0.000009192284888 0.000000012762760 0.000000011203567
0.000009399969243 0.000009348990826 0.000000018682630 0.000000032295787
0.000009482832077 0.000009440826921 0.000000011968020 0.000000030037136
0.000009599631315 0.000009569815701 0.000000025841336 0.000000003974278
0.000009699504476 0.000009643015906 0.000000035333158 0.000000021155412
0.000009710455011 0.000009730580607 0.000000031703289 -0.000000051828885
0.000009872788651 0.000009862437966 0.000000029631707 -0.000000019281022
0.000010050048155 0.000009984183779 0.000000040334231 0.000000025530145
0.000010136192310 0.000010107613025 0.000000029928086 -0.000000001348801
0.000010228652993 0.000010218815591 0.000000049226978 -0.000000039389577
0.000010397467843 0.000010363884678 0.000000058823982 -0.000000025240817
0.000010555768289 0.000010524945553 0.000000039527383 -0.000000008704647
0.000010584719925 0.000010633850157 0.000000036935527 -0.000000086065759
0.000010905028312 0.000010798955194 0.000000042179991 0.000000063893127
0.000010996227719 0.000010952279370 0.000000023279279 0.000000020669069
0.000011126038636 0.000011107390542 0.000000015540791 0.000000003107303
0.000011217112183 0.000011272698825 0.000000016164842 -0.000000071751484
0.000011359556876 0.000011370731252 0.000000017407658 -0.000000028582034
0.000011468444567 0.000011468995743 0.000000023157723 -0.000000023708899
0.000011707073646 0.000011648457515 0.000000017817252 0.000000040798878
0.000011847366468 0.000011815718842 0.000000008521419 0.000000023126206
0.000011950311503 0.000011975287610 0.000000026515516 -0.000000051491623
0.000012195185290 0.000012165203911 0.000000014198700 0.000000015782678
0.000012245099928 0.000012316946882 0.000000018261097 -0.000000090108051
0.000012513522369 0.000012469399733 -0.000000002110970 0.000000046233606
0.000012653230564 0.000012606194895 0.000000016495756 0.000000030539913
0.000012781750498 0.000012731225862 0.000000011915275 0.000000038609361
0.000012854884651 0.000012838272125 0.000000010573002 0.000000006039524
0.000013001970804 0.000012983983275 0.000000015978548 0.000000002008982
0.000013151937116 0.000013106137916 0.000000018850328 0.000000026948871
0.000013187086187 0.000013250467462 0.000000015842982 -0.000000079224257
0.000013382013711 0.000013346227652 0.000000002025741 0.000000033760319
0.000013457772368 0.000013447685752 0.000000015902294 -0.000000005815678
0.000013525216108 0.000013541193321 0.000000000420390 -0.000000016397604
0.000013680134640 0.000013629692279 0.000000006511216 0.000000043931145
0.000013791543515 0.000013738318361 0.000000013165421 0.000000040059733
0.000013950869985 0.000013874379861 0.000000016963409 0.000000059526715
0.000013987929626 0.000013959252167 0.000000032406322 -0.000000003728864
0.000014124510142 0.000014065222212 0.000000011556602 0.000000047731328
0.000014257751857 0.000014235872246 0.000000022282885 -0.000000000403274
0.000014405164828 0.000014362235643 0.000000041115716 0.000000001813469
0.000014561377088 0.000014518510197 0.000000016390153 0.000000026476738
0.000014600907784 0.000014632740119 0.000000017500283 -0.000000049332618
0.000014771241968 0.000014778826294 0.000000004280855 -0.000000011865181
0.000014833462283 0.000014910240707 0.000000019416034 -0.000000096194457
0.000015118739106 0.000015078811560 0.000000039364679 0.000000000562867
0.000015320799349 0.000015288020895 0.000000041694805 -0.000000008916351
0.000015542891583 0.000015453609753 0.000000033762979 0.000000055518851
0.000015540987819 0.000015584460295 0.000000020161180 -0.000000063633656
0.000015739555675 0.000015737185964 0.000000018907838 -0.000000016538128
0.000015956007819 0.000015943800507 0.000000038905992 -0.000000026698680
0.000016088693362 0.000016147870021 0.000000035163751 -0.000000094340410
0.000016267285863 0.000016251032510 0.000000028058222 -0.000000011804869
0.000016457373620 0.000016405136014 0.000000028053019 0.000000024184587
0.000016504864142 0.000016555799394 0.000000022276208 -0.000000073211460
0.000016787601444 0.000016743708514 0.000000008440860 0.000000035452070
0.000016888708037 0.000016883051953 0.000000005067690 0.000000000588394
0.000016967458749 0.000016991252011 -0.000000001716951 -0.000000022076311
0.000017116009854 0.000017120699949 -0.000000003064327 -0.000000001625769
