#Total(seconds)   GW(seconds)       Red(seconds)      White(seconds)
-0.000029027951945 -0.000028977970454 0.000000003101821 -0.000000053083313
-0.000028157237492 -0.000028911085063 0.000000010353338 0.000000743494234
-0.000029108379629 -0.000028855627375 -0.000000005774649 -0.000000246977606
-0.000032101522519 -0.000028804105947 -0.000000005515767 -0.000003291900805
-0.000028607244118 -0.000028729532521 -0.000000001530883 0.000000123819286
-0.000029394794251 -0.000028663365848 -0.000000007740664 -0.000000723687740
-0.000029457992298 -0.000028593654464 -0.000000017499566 -0.000000846838268
-0.000029886553547 -0.000028545318476 -0.000000013423440 -0.000001327811631
-0.000026448948233 -0.000028498892232 -0.000000012531946 0.000002062475945
-0.000027384458080 -0.000028448484950 -0.000000007432735 0.000001071459605
-0.000026077127537 -0.000028403874667 0.000000000712547 0.000002326034582
-0.000029285972426 -0.000028338569371 -0.000000003721643 -0.000000943681413
-0.000025193289491 -0.000028299117960 -0.000000013289423 0.000003119117893
-0.000029903304214 -0.000028232470647 -0.000000004303770 -0.000001666529797
-0.000032595722902 -0.000028176853730 0.000000007503970 -0.000004426373142
-0.000030128207762 -0.000028114246075 0.000000016207721 -0.000002030169408
-0.000028395139038 -0.000028079284788 -0.000000006582657 -0.000000309271592
-0.000029699838879 -0.000028015941050 -0.000000017084638 -0.000001666813191
-0.000026928659554 -0.000027981567694 -0.000000013957731 0.000001066865871
-0.000028707573165 -0.000027952321793 0.000000002099942 -0.000000757351314
-0.000028374228834 -0.000027917097917 -0.000000008472562 -0.000000448658355
-0.000025818589064 -0.000027891172009 -0.000000015090228 0.000002087673173
-0.000028637575905 -0.000027873521447 -0.000000012275077 -0.000000751779382
-0.000025750891187 -0.000027865038265 -0.000000000713422 0.000002114860501
-0.000027262101996 -0.000027859929922 -0.000000009511418 0.000000607339343
-0.000028360241748 -0.000027850858058 -0.000000021014001 -0.000000488369689
-0.000029451722361 -0.000027840203748 -0.000000032620936 -0.000001578897678
-0.000025757055510 -0.000027831989160 -0.000000044803255 0.000002119736905
-0.000028703892065 -0.000027826670181 -0.000000044998784 -0.000000832223100
-0.000025336751253 -0.000027826844885 -0.000000035748836 0.000002525842468
-0.000030454919833 -0.000027824486659 -0.000000041127153 -0.000002589306021
-0.000028828326511 -0.000027824185999 -0.000000038574806 -0.000000965565705
-0.000030963295256 -0.000027823244805 -0.000000033133352 -0.000003106917099
-0.000027950125972 -0.000027824505161 -0.000000017660245 -0.000000107960566
-0.000026782437013 -0.000027831066929 -0.000000019219135 0.000001067849051
-0.000026218773674 -0.000027836401593 -0.000000001878793 0.000001619506712
-0.000027681973761 -0.000027840762139 -0.000000005137922 0.000000163926299
-0.000026803882958 -0.000027847745069 -0.000000010917846 0.000001054779956
-0.000031021499523 -0.000027853583510 0.000000000865022 -0.000003168781035
-0.000027433172929 -0.000027864239703 0.000000004448723 0.000000426618051
-0.000026888190763 -0.000027869778411 0.000000002273626 0.000000979314022
-0.000029245963595 -0.000027878117551 0.000000019031099 -0.000001386877143
-0.000026518939483 -0.000027890061894 0.000000013723392 0.000001357399018
-0.000023858365610 -0.000027898784188 0.000000033319754 0.000004007098824
-0.000028719001396 -0.000027909481681 0.000000028629107 -0.000000838148822
-0.000029439812399 -0.000027922976087 -0.000000008769159 -0.000001508067153
-0.000028810745122 -0.000027940986146 -0.000000003041282 -0.000000866717695
-0.000026837856266 -0.000027948673101 0.000000003882534 0.000001106934300
-0.000027331511294 -0.000027965523925 -0.000000006513871 0.000000640526502
-0.000028616587561 -0.000027988623616 -0.000000015036090 -0.000000612927855
-0.000028278989478 -0.000028013749330 -0.000000008648827 -0.000000256591321
-0.000029141298313 -0.000028035183872 -0.000000017457051 -0.000001088657390
-0.000027084289240 -0.000028052588555 -0.000000015054338 0.000000983353653
-0.000026914301857 -0.000028080404041 0.000000006858252 0.000001159243931
-0.000030922690300 -0.000028102576245 0.000000000769679 -0.000002820883735
-0.000026785646283 -0.000028114759200 -0.000000008261988 0.000001337374905
-0.000028945210162 -0.000028136428072 0.000000025725556 -0.000000834507646
-0.000026676464499 -0.000028156702657 0.000000021407516 0.000001458830643
-0.000030490473871 -0.000028181868859 0.000000017228984 -0.000002325833996
-0.000026623017732 -0.000028225789237 0.000000020466941 0.000001582304565
-0.000029594271355 -0.000028281012366 0.000000014721520 -0.000001327980508
-0.000029113137941 -0.000028309242931 0.000000022313128 -0.000000826208138
-0.000027529898435 -0.000028333450043 0.000000026059760 0.000000777491847
-0.000028093881588 -0.000028358580185 0.000000020349179 0.000000244349418
-0.000030341690638 -0.000028378093193 0.000000017364897 -0.000001980962342
-0.000026332036839 -0.000028397800384 0.000000027570685 0.000002038192861
-0.000027998022486 -0.000028432756400 0.000000029179374 0.000000405554540
-0.000027481179484 -0.000028459177315 0.000000018203376 0.000000959794455
-0.000029873256757 -0.000028502161665 0.000000020578365 -0.000001391673457
-0.000030678072376 -0.000028535794673 0.000000009346809 -0.000002151624511
-0.000027650925812 -0.000028563113734 0.000000016519209 0.000000895668714
-0.000029191778496 -0.000028603796285 0.000000021187006 -0.000000609169217
-0.000029698894441 -0.000028652516671 0.000000027421375 -0.000001073799145
-0.000026202152798 -0.000028675850584 0.000000007325626 0.000002466372160
-0.000026880874349 -0.000028702411249 -0.000000009614102 0.000001831151002
-0.000029818105136 -0.000028715158561 0.000000001673826 -0.000001104620400
-0.000029128531991 -0.000028731916813 0.000000009659262 -0.000000406274440
-0.000028230395213 -0.000028754285938 0.000000016074040 0.000000507816686
-0.000028151356330 -0.000028778368173 0.000000017635833 0.000000609376010
-0.000029449051068 -0.000028803858533 0.000000009471498 -0.000000654664032
-0.000029120079671 -0.000028831676527 0.000000003131304 -0.000000291534449
-0.000031963351471 -0.000028876313509 -0.000000003384164 -0.000003083653798
-0.000031631354237 -0.000028935780329 -0.000000007332630 -0.000002688241279
-0.000027779972726 -0.000028976012392 -0.000000003385037 0.000001199424704
-0.000028363949498 -0.000029042586890 0.000000007240847 0.000000671396546
-0.000026300582216 -0.000029103520247 0.000000013821225 0.000002789116806
-0.000030674591359 -0.000029163500516 0.000000014229632 -0.000001525320475
-0.000029393482416 -0.000029237359020 -0.000000002463589 -0.000000153659806
-0.000030781659473 -0.000029283164032 -0.000000006170688 -0.000001492324752
-0.000029967904524 -0.000029330266387 0.000000009759760 -0.000000647397897
-0.000028654330164 -0.000029411167455 -0.000000012588250 0.000000769425541
-0.000026894749837 -0.000029479544621 -0.000000021979642 0.000002606774425
-0.000027081800296 -0.000029534500713 0.000000003083284 0.000002449617133
-0.000030651243545 -0.000029591061181 0.000000009280438 -0.000001069462802
-0.000029866168019 -0.000029638320088 0.000000008313280 -0.000000236161211
-0.000027889745384 -0.000029683515920 0.000000042115314 0.000001751655222
-0.000029386078494 -0.000029723944608 0.000000030905976 0.000000306960139
-0.000030050240315 -0.000029764672139 0.000000028613975 -0.000000314182152
-0.000028662792707 -0.000029799509371 0.000000032037284 0.000001104679380
-0.000030828212441 -0.000029838529792 0.000000022065020 -0.000001011747669
-0.000027682405739 -0.000029870718209 0.000000013980573 0.000002174331897
-0.000030115637428 -0.000029908246771 0.000000014857529 -0.000000222248185
-0.000029075734734 -0.000029932411078 0.000000005664358 0.000000851011986
-0.000031475491772 -0.000029959523788 0.000000006989668 -0.000001522957652
-0.000028427947000 -0.000029990787405 0.000000012147121 0.000001550693285
-0.000030073393660 -0.000030019479470 0.000000016430117 -0.000000070344307
-0.000028238183907 -0.000030054321382 0.000000022408595 0.000001793728881
-0.000032546448379 -0.000030086710427 0.000000020149776 -0.000002479887727
-0.000029114391300 -0.000030105067092 0.000000030293621 0.000000960382171
-0.000026829198939 -0.000030130107812 0.000000018727173 0.000003282181700
-0.000030399231396 -0.000030164923995 0.000000038470664 -0.000000272778066
-0.000030476986603 -0.000030186728523 0.000000040718147 -0.000000330976227
-0.000031372579728 -0.000030204859422 0.000000024806548 -0.000001192526854
-0.000028320618757 -0.000030210786832 0.000000032916028 0.000001857252047
-0.000030683252533 -0.000030218860359 0.000000033327021 -0.000000497719195
-0.000031251467364 -0.000030228161283 0.000000021365195 -0.000001044671276
-0.000029398899408 -0.000030247169694 0.000000016919746 0.000000831350540
-0.000028362615508 -0.000030269834673 0.000000017925312 0.000001889293853
-0.000031311766791 -0.000030288499695 0.000000020909690 -0.000001044176786
-0.000032832527321 -0.000030302742022 0.000000020178987 -0.000002549964286
-0.000028561208677 -0.000030317804946 0.000000012447179 0.000001744149090
-0.000027938165082 -0.000030331853438 0.000000003614373 0.000002390073982
-0.000029709918661 -0.000030340250130 0.000000001289529 0.000000629041939
-0.000029663524827 -0.000030344776035 0.000000008424873 0.000000672826335
-0.000031402631411 -0.000030357168763 -0.000000012874569 -0.000001032588080
-0.000031223681877 -0.000030371164501 -0.000000004464447 -0.000000848052930
-0.000031252950538 -0.000030387214062 -0.000000008215492 -0.000000857520984
-0.000033247437030 -0.000030391785687 0.000000001525105 -0.000002857176449
-0.000030397088973 -0.000030393057047 0.000000003960118 -0.000000007992045
-0.000030062634776 -0.000030395198852 0.000000004094997 0.000000328469080
