#Total(seconds)   GW(seconds)       Red(seconds)      White(seconds)
-0.000073964975171 -0.000073903982411 0.000000000000000 -0.000000060992760
-0.000073385078319 -0.000073361857286 0.000000000000000 -0.000000023221033
-0.000072767974556 -0.000072827848621 0.000000000000000 0.000000059874064
-0.000072326697158 -0.000072280164750 0.000000000000000 -0.000000046532408
-0.000071822600673 -0.000071731012163 0.000000000000000 -0.000000091588510
-0.000071120439746 -0.000071195588794 0.000000000000000 0.000000075149048
-0.000070781692488 -0.000070660870081 0.000000000000000 -0.000000120822407
-0.000069979872346 -0.000070078983987 0.000000000000000 0.000000099111642
-0.000069537580200 -0.000069462981500 0.000000000000000 -0.000000074598701
-0.000068838717896 -0.000068829543991 0.000000000000000 -0.000000009173904
-0.000068121657581 -0.000068179048814 0.000000000000000 0.000000057391233
-0.000067389833051 -0.000067504235645 0.000000000000000 0.000000114402594
-0.000066878915085 -0.000066790330011 0.000000000000000 -0.000000088585074
-0.000066073088577 -0.000066057844264 0.000000000000000 -0.000000015244313
-0.000065416866073 -0.000065336602839 0.000000000000000 -0.000000080263234
-0.000064647593957 -0.000064612852036 0.000000000000000 -0.000000034741921
-0.000063858764445 -0.000063865292131 0.000000000000000 0.000000006527686
-0.000063300360321 -0.000063096974918 0.000000000000000 -0.000000203385403
-0.000062147106980 -0.000062330514586 0.000000000000000 0.000000183407607
-0.000061553652637 -0.000061584759062 0.000000000000000 0.000000031106425
-0.000060734289198 -0.000060831436998 0.000000000000000 0.000000097147800
-0.000060068943191 -0.000060085335324 0.000000000000000 0.000000016392133
-0.000059483254081 -0.000059345853715 0.000000000000000 -0.000000137400366
-0.000058511636851 -0.000058604482953 0.000000000000000 0.000000092846103
-0.000057877224516 -0.000057851326796 0.000000000000000 -0.000000025897721
-0.000056984591657 -0.000057086182542 0.000000000000000 0.000000101590885
-0.000056483676076 -0.000056341337012 0.000000000000000 -0.000000142339064
-0.000055744212434 -0.000055594005115 0.000000000000000 -0.000000150207319
-0.000054824036228 -0.000054840198701 0.000000000000000 0.000000016162473
-0.000054041407545 -0.000054056837675 0.000000000000000 0.000000015430130
-0.000053124012669 -0.000053264501784 0.000000000000000 0.000000140489115
-0.000052422631946 -0.000052430156539 0.000000000000000 0.000000007524593
-0.000051588834404 -0.000051557161336 0.000000000000000 -0.000000031673068
-0.000050784197983 -0.000050691826661 0.000000000000000 -0.000000092371322
-0.000049900909540 -0.000049806803872 0.000000000000000 -0.000000094105668
-0.000048897066790 -0.000048902156171 0.000000000000000 0.000000005089381
-0.000048062468557 -0.000047982559601 0.000000000000000 -0.000000079908956
-0.000047127499197 -0.000047032987883 0.000000000000000 -0.000000094511313
-0.000046268291203 -0.000046095184114 0.000000000000000 -0.000000173107090
-0.000045209304011 -0.000045155576920 0.000000000000000 -0.000000053727091
-0.000044297834880 -0.000044190132957 0.000000000000000 -0.000000107701923
-0.000043335837743 -0.000043236851343 0.000000000000000 -0.000000098986400
-0.000042326246549 -0.000042258557583 0.000000000000000 -0.000000067688967
-0.000041222307677 -0.000041272922010 0.000000000000000 0.000000050614334
-0.000040370118352 -0.000040301152887 0.000000000000000 -0.000000068965466
-0.000039155691262 -0.000039296265373 0.000000000000000 0.000000140574111
-0.000038371937546 -0.000038244946678 0.000000000000000 -0.000000126990868
-0.000037212961279 -0.000037182961173 0.000000000000000 -0.000000030000106
-0.000035971438365 -0.000036080613833 0.000000000000000 0.000000109175469
-0.000034913347844 -0.000034936263418 0.000000000000000 0.000000022915574
-0.000033828693107 -0.000033824790615 0.000000000000000 -0.000000003902492
-0.000032505244052 -0.000032679511060 0.000000000000000 0.000000174267008
-0.000031557856454 -0.000031502297497 0.000000000000000 -0.000000055558956
-0.000030569918863 -0.000030319467153 0.000000000000000 -0.000000250451711
-0.000029122495855 -0.000029143500219 0.000000000000000 0.000000021004364
-0.000027900429032 -0.000027962632171 0.000000000000000 0.000000062203140
-0.000026948260760 -0.000026785080013 0.000000000000000 -0.000000163180747
-0.000025426553975 -0.000025601492298 0.000000000000000 0.000000174938323
-0.000024397071878 -0.000024448711787 0.000000000000000 0.000000051639909
-0.000023339752764 -0.000023320764305 0.000000000000000 -0.000000018988459
-0.000022252009392 -0.000022185339784 0.000000000000000 -0.000000066669608
-0.000020749363102 -0.000021042827504 0.000000000000000 0.000000293464402
-0.000019977962923 -0.000019914534413 0.000000000000000 -0.000000063428510
-0.000018775137046 -0.000018795831292 0.000000000000000 0.000000020694246
-0.000017673476166 -0.000017704855860 0.000000000000000 0.000000031379694
-0.000016605167965 -0.000016597506057 0.000000000000000 -0.000000007661908
-0.000015479504426 -0.000015496233990 0.000000000000000 0.000000016729564
-0.000014390402949 -0.000014408097010 0.000000000000000 0.000000017694061
-0.000013623073459 -0.000013323847816 0.000000000000000 -0.000000299225644
-0.000012161166471 -0.000012246793074 0.000000000000000 0.000000085626603
-0.000011203942175 -0.000011199473959 0.000000000000000 -0.000000004468216
-0.000010260850020 -0.000010176123703 0.000000000000000 -0.000000084726317
-0.000009073989811 -0.000009158773986 0.000000000000000 0.000000084784175
-0.000008158759930 -0.000008146922247 0.000000000000000 -0.000000011837683
-0.000007229953278 -0.000007134344924 0.000000000000000 -0.000000095608355
-0.000006225300054 -0.000006126128402 0.000000000000000 -0.000000099171652
-0.000005312768947 -0.000005103791174 0.000000000000000 -0.000000208977773
-0.000004122641279 -0.000004077036212 0.000000000000000 -0.000000045605067
-0.000003049170727 -0.000003070516601 0.000000000000000 0.000000021345873
-0.000002011152649 -0.000002080954636 0.000000000000000 0.000000069801987
-0.000001161083619 -0.000001119008255 0.000000000000000 -0.000000042075363
-0.000000351832161 -0.000000178128668 0.000000000000000 -0.000000173703494
0.000000618565591 0.000000752398345 0.000000000000000 -0.000000133832754
0.000001731501772 0.000001657794757 0.000000000000000 0.000000073707015
0.000002698642484 0.000002578747680 0.000000000000000 0.000000119894804
0.000003529339890 0.000003507275930 0.000000000000000 0.000000022063960
0.000004354471474 0.000004465156049 0.000000000000000 -0.000000110684575
0.000005335168670 0.000005414182156 0.000000000000000 -0.000000079013486
0.000006301783071 0.000006351093693 0.000000000000000 -0.000000049310622
0.000007280992312 0.000007265510509 0.000000000000000 0.000000015481803
0.000008044587007 0.000008171374194 0.000000000000000 -0.000000126787187
0.000009084397541 0.000009085417282 0.000000000000000 -0.000000001019742
0.000009964602261 0.000010022093678 0.000000000000000 -0.000000057491416
0.000010858423381 0.000010938865650 0.000000000000000 -0.000000080442269
0.000011832104111 0.000011825574720 0.000000000000000 0.000000006529391
0.000012826125553 0.000012689605130 0.000000000000000 0.000000136520423
0.000013621527306 0.000013543853214 0.000000000000000 0.000000077674092
0.000014345828986 0.000014406741256 0.000000000000000 -0.000000060912270
0.000015449153767 0.000015285217067 0.000000000000000 0.000000163936700
0.000016168880167 0.000016157674562 0.000000000000000 0.000000011205605
0.000017432610125 0.000017035288300 0.000000000000000 0.000000397321825
0.000017852771562 0.000017908496261 0.000000000000000 -0.000000055724699
0.000018632444239 0.000018734860350 0.000000000000000 -0.000000102416111
0.000019476866529 0.000019522498755 0.000000000000000 -0.000000045632226
0.000020343655729 0.000020290645497 0.000000000000000 0.000000053010232
0.000021009330755 0.000021037779387 0.000000000000000 -0.000000028448633
0.000021617807153 0.000021784957390 0.000000000000000 -0.000000167150237
0.000022517278884 0.000022498751273 0.000000000000000 0.000000018527611
0.000023114032788 0.000023197212602 0.000000000000000 -0.000000083179815
0.000023993560844 0.000023905738435 0.000000000000000 0.000000087822409
0.000024739459190 0.000024618913420 0.000000000000000 0.000000120545770
0.000025328464798 0.000025301469320 0.000000000000000 0.000000026995477
0.000025821240600 0.000025960025332 0.000000000000000 -0.000000138784732
0.000026581506624 0.000026591768983 0.000000000000000 -0.000000010262359
0.000027091655813 0.000027188869845 0.000000000000000 -0.000000097214032
0.000027680074100 0.000027739176171 0.000000000000000 -0.000000059102071
0.000028133825800 0.000028243403672 0.000000000000000 -0.000000109577872
0.000028626158313 0.000028710528611 0.000000000000000 -0.000000084370298
0.000029073834845 0.000029167211566 0.000000000000000 -0.000000093376721
0.000029556523609 0.000029604589266 0.000000000000000 -0.000000048065657
0.000029982617644 0.000030008448769 0.000000000000000 -0.000000025831124
0.000030344063098 0.000030394632389 0.000000000000000 -0.000000050569291
0.000030709027070 0.000030769584812 0.000000000000000 -0.000000060557742
0.000030969967991 0.000031143066521 0.000000000000000 -0.000000173098530
0.000031579856110 0.000031522018980 0.000000000000000 0.000000057837129
0.000031797677890 0.000031897280161 0.000000000000000 -0.000000099602271
0.000032355323173 0.000032268759370 0.000000000000000 0.000000086563803
0.000032665644039 0.000032640967915 0.000000000000000 0.000000024676124
0.000032951113625 0.000033010919287 0.000000000000000 -0.000000059805662
0.000033241091206 0.000033372415868 0.000000000000000 -0.000000131324662
