#Total(seconds)   GW(seconds)       Red(seconds)      White(seconds)
0.000072314745141 0.000072484137490 0.000000000000000 -0.000000169392349
0.000073268380899 0.000073227234408 0.000000000000000 0.000000041146490
0.000074217729695 0.000073974027113 0.000000000000000 0.000000243702581
0.000074636175522 0.000074715358684 0.000000000000000 -0.000000079183162
0.000075577854679 0.000075461783083 0.000000000000000 0.000000116071595
0.000075918109307 0.000076211834134 0.000000000000000 -0.000000293724826
0.000076806010537 0.000076960906667 0.000000000000000 -0.000000154896130
0.000077877370053 0.000077717336050 0.000000000000000 0.000000160034003
0.000078367368272 0.000078467445736 0.000000000000000 -0.000000100077463
0.000079042494578 0.000079190791567 0.000000000000000 -0.000000148296990
0.000079768741762 0.000079918396402 0.000000000000000 -0.000000149654641
0.000080664946569 0.000080629841164 0.000000000000000 0.000000035105405
0.000081339445728 0.000081356207118 0.000000000000000 -0.000000016761390
0.000081912361473 0.000082113462850 0.000000000000000 -0.000000201101377
0.000082948682361 0.000082877850817 0.000000000000000 0.000000070831544
0.000083561184806 0.000083647389735 0.000000000000000 -0.000000086204929
0.000084599252589 0.000084413193433 0.000000000000000 0.000000186059155
0.000085296511333 0.000085157368449 0.000000000000000 0.000000139142884
0.000085821480635 0.000085887855248 0.000000000000000 -0.000000066374613
0.000086612739877 0.000086587330089 0.000000000000000 0.000000025409788
0.000087272667943 0.000087293455555 0.000000000000000 -0.000000020787612
0.000088066573897 0.000088014911093 0.000000000000000 0.000000051662803
0.000088725407733 0.000088727574963 0.000000000000000 -0.000000002167230
0.000089414795177 0.000089454434540 0.000000000000000 -0.000000039639363
0.000090138700252 0.000090172622860 0.000000000000000 -0.000000033922607
0.000090752551580 0.000090862305917 0.000000000000000 -0.000000109754337
0.000091850036934 0.000091546746062 0.000000000000000 0.000000303290871
0.000092266555970 0.000092236608051 0.000000000000000 0.000000029947919
0.000092960957570 0.000092966000004 0.000000000000000 -0.000000005042434
0.000094032551149 0.000093711317801 0.000000000000000 0.000000321233348
0.000094454595364 0.000094462365429 0.000000000000000 -0.000000007770065
0.000095160491940 0.000095239809546 0.000000000000000 -0.000000079317606
0.000096208081352 0.000096066734884 0.000000000000000 0.000000141346468
0.000096965343955 0.000096917778822 0.000000000000000 0.000000047565133
0.000097728826281 0.000097781704972 0.000000000000000 -0.000000052878690
0.000098547702941 0.000098661321710 0.000000000000000 -0.000000113618769
0.000099602986866 0.000099550420247 0.000000000000000 0.000000052566618
0.000100618280035 0.000100440215650 0.000000000000000 0.000000178064384
0.000101120489045 0.000101331005834 0.000000000000000 -0.000000210516789
0.000102257661783 0.000102244963637 0.000000000000000 0.000000012698147
0.000103367146180 0.000103196585306 0.000000000000000 0.000000170560875
0.000104061171793 0.000104132885348 0.000000000000000 -0.000000071713556
0.000104920123942 0.000105054473576 0.000000000000000 -0.000000134349634
0.000105696519637 0.000105952800539 0.000000000000000 -0.000000256280902
0.000106830142572 0.000106830277661 0.000000000000000 -0.000000000135088
0.000107675971822 0.000107697378981 0.000000000000000 -0.000000021407159
0.000108571066028 0.000108566544676 0.000000000000000 0.000000004521352
0.000109407303933 0.000109422770637 0.000000000000000 -0.000000015466704
0.000110268074338 0.000110276155722 0.000000000000000 -0.000000008081383
0.000111110947171 0.000111133032638 0.000000000000000 -0.000000022085467
0.000112085838220 0.000111994171640 0.000000000000000 0.000000091666580
0.000112874474760 0.000112863947288 0.000000000000000 0.000000010527472
0.000113717492430 0.000113733444738 0.000000000000000 -0.000000015952309
0.000114541250549 0.000114578452029 0.000000000000000 -0.000000037201480
0.000115374770357 0.000115402013077 0.000000000000000 -0.000000027242720
0.000116433299747 0.000116205385911 0.000000000000000 0.000000227913835
0.000116958253277 0.000116999665682 0.000000000000000 -0.000000041412405
0.000117692857241 0.000117753025723 0.000000000000000 -0.000000060168482
0.000118433354354 0.000118440035080 0.000000000000000 -0.000000006680726
0.000119013826142 0.000119080729143 0.000000000000000 -0.000000066903002
0.000119723399591 0.000119711807415 0.000000000000000 0.000000011592175
0.000120334324083 0.000120325797573 0.000000000000000 0.000000008526510
0.000120917211017 0.000120945331383 0.000000000000000 -0.000000028120366
0.000121529956699 0.000121552650200 0.000000000000000 -0.000000022693502
0.000122401810296 0.000122130706600 0.000000000000000 0.000000271103695
0.000122775195391 0.000122722986157 0.000000000000000 0.000000052209235
0.000123520043873 0.000123300860115 0.000000000000000 0.000000219183757
0.000123831688788 0.000123880583081 0.000000000000000 -0.000000048894293
0.000124582882817 0.000124424125534 0.000000000000000 0.000000158757283
0.000124971826265 0.000124943552381 0.000000000000000 0.000000028273884
0.000125422071831 0.000125450417959 0.000000000000000 -0.000000028346128
0.000126033081278 0.000125931817741 0.000000000000000 0.000000101263536
0.000126414878103 0.000126383873730 0.000000000000000 0.000000031004373
0.000126882815733 0.000126823635347 0.000000000000000 0.000000059180386
0.000127275184088 0.000127273273093 0.000000000000000 0.000000001910996
0.000127810340156 0.000127744328518 0.000000000000000 0.000000066011638
0.000128337310813 0.000128223764249 0.000000000000000 0.000000113546564
0.000128682294860 0.000128700841542 0.000000000000000 -0.000000018546683
0.000129122512282 0.000129151796265 0.000000000000000 -0.000000029283983
0.000129638816525 0.000129583106358 0.000000000000000 0.000000055710167
0.000129954579862 0.000129998246991 0.000000000000000 -0.000000043667129
0.000130439225565 0.000130413808374 0.000000000000000 0.000000025417191
0.000130941235774 0.000130828844575 0.000000000000000 0.000000112391199
0.000131220632916 0.000131228343440 0.000000000000000 -0.000000007710524
0.000131565955156 0.000131621890742 0.000000000000000 -0.000000055935586
0.000132025414479 0.000132000534601 0.000000000000000 0.000000024879878
0.000132340289960 0.000132396431724 0.000000000000000 -0.000000056141765
0.000132818613760 0.000132803561385 0.000000000000000 0.000000015052375
0.000133422681039 0.000133218206397 0.000000000000000 0.000000204474642
0.000133767738966 0.000133633447638 0.000000000000000 0.000000134291329
0.000134110486185 0.000134014315657 0.000000000000000 0.000000096170528
0.000134371046378 0.000134373941703 0.000000000000000 -0.000000002895325
0.000134789437053 0.000134750069279 0.000000000000000 0.000000039367775
0.000135132687393 0.000135121272829 0.000000000000000 0.000000011414565
0.000135523084149 0.000135492974796 0.000000000000000 0.000000030109352
0.000135917790694 0.000135882911969 0.000000000000000 0.000000034878725
0.000136167862856 0.000136267942691 0.000000000000000 -0.000000100079836
0.000136637015449 0.000136642913989 0.000000000000000 -0.000000005898540
0.000137117356862 0.000137028751231 0.000000000000000 0.000000088605631
0.000137417928265 0.000137418092687 0.000000000000000 -0.000000000164422
0.000138014462135 0.000137842412098 0.000000000000000 0.000000172050037
0.000138140417678 0.000138267849609 0.000000000000000 -0.000000127431931
0.000138675747656 0.000138670793967 0.000000000000000 0.000000004953688
0.000138885362407 0.000139064510129 0.000000000000000 -0.000000179147722
0.000139402793587 0.000139455545885 0.000000000000000 -0.000000052752299
0.000139865992650 0.000139804788084 0.000000000000000 0.000000061204565
0.000140264158992 0.000140133635917 0.000000000000000 0.000000130523075
0.000140243037284 0.000140437191323 0.000000000000000 -0.000000194154038
0.000140553510503 0.000140748063773 0.000000000000000 -0.000000194553270
0.000141041279772 0.000141080147553 0.000000000000000 -0.000000038867781
0.000141515802652 0.000141415076773 0.000000000000000 0.000000100725878
0.000141748606511 0.000141730655827 0.000000000000000 0.000000017950684
0.000141929361558 0.000142034660173 0.000000000000000 -0.000000105298616
0.000142324821254 0.000142332464890 0.000000000000000 -0.000000007643636
0.000142717954180 0.000142655555871 0.000000000000000 0.000000062398309
0.000143002750489 0.000143021390792 0.000000000000000 -0.000000018640302
0.000143411948861 0.000143368219427 0.000000000000000 0.000000043729434
0.000143415781182 0.000143678955432 0.000000000000000 -0.000000263174251
0.000144062145089 0.000143977964763 0.000000000000000 0.000000084180326
0.000144331338551 0.000144301114293 0.000000000000000 0.000000030224258
0.000144539756067 0.000144619032439 0.000000000000000 -0.000000079276372
0.000144975405147 0.000144934181156 0.000000000000000 0.000000041223991
0.000145131391249 0.000145250952839 0.000000000000000 -0.000000119561590
0.000145460921185 0.000145599953419 0.000000000000000 -0.000000139032234
0.000146130312212 0.000145981585842 0.000000000000000 0.000000148726370
0.000146389152671 0.000146373777134 0.000000000000000 0.000000015375537
0.000146724054554 0.000146786879871 0.000000000000000 -0.000000062825317
0.000147031913850 0.000147204467737 0.000000000000000 -0.000000172553887
0.000147644720079 0.000147616783358 0.000000000000000 0.000000027936721
0.000147986437312 0.000148059043054 0.000000000000000 -0.000000072605742
