#Total(seconds)   GW(seconds)       Red(seconds)      White(seconds)
-0.000327931238952 -0.000327800051309 0.000000000000000 -0.000000131187643
-0.000327517381169 -0.000327523976939 0.000000000000000 0.000000006595770
-0.000327297260098 -0.000327264308683 0.000000000000000 -0.000000032951415
-0.000327044885196 -0.000327005884816 0.000000000000000 -0.000000039000380
-0.000326846212507 -0.000326719767569 0.000000000000000 -0.000000126444937
-0.000326384390791 -0.000326397961152 0.000000000000000 0.000000013570361
-0.000325952052694 -0.000326031936771 0.000000000000000 0.000000079884077
-0.000325562545576 -0.000325615675983 0.000000000000000 0.000000053130407
-0.000325165522822 -0.000325197936150 0.000000000000000 0.000000032413328
-0.000324881965417 -0.000324805484920 0.000000000000000 -0.000000076480497
-0.000324458847507 -0.000324404894890 0.000000000000000 -0.000000053952617
-0.000323987749821 -0.000324013581107 0.000000000000000 0.000000025831285
-0.000323590805495 -0.000323623688618 0.000000000000000 0.000000032883123
-0.000323254923474 -0.000323247377231 0.000000000000000 -0.000000007546242
-0.000322866108612 -0.000322858205147 0.000000000000000 -0.000000007903465
-0.000322604042830 -0.000322431661463 0.000000000000000 -0.000000172381367
-0.000321978016620 -0.000322017036652 0.000000000000000 0.000000039020032
-0.000321610636034 -0.000321607501246 0.000000000000000 -0.000000003134788
-0.000321191088543 -0.000321228729616 0.000000000000000 0.000000037641073
-0.000320988241895 -0.000320877568276 0.000000000000000 -0.000000110673620
-0.000320597998618 -0.000320529939000 0.000000000000000 -0.000000068059618
-0.000320128802141 -0.000320149627377 0.000000000000000 0.000000020825236
-0.000319894769873 -0.000319757703555 0.000000000000000 -0.000000137066318
-0.000319329146193 -0.000319365710111 0.000000000000000 0.000000036563918
-0.000318862631761 -0.000318943646819 0.000000000000000 0.000000081015057
-0.000318504272091 -0.000318536174246 0.000000000000000 0.000000031902156
-0.000318204222794 -0.000318143950940 0.000000000000000 -0.000000060271854
-0.000317773816032 -0.000317777529605 0.000000000000000 0.000000003713574
-0.000317302829739 -0.000317403348277 0.000000000000000 0.000000100518538
-0.000316963946880 -0.000317006631453 0.000000000000000 0.000000042684573
-0.000316825562091 -0.000316628795939 0.000000000000000 -0.000000196766152
-0.000316398718023 -0.000316251892660 0.000000000000000 -0.000000146825363
-0.000315786857003 -0.000315830467940 0.000000000000000 0.000000043610937
-0.000315420956558 -0.000315344151151 0.000000000000000 -0.000000076805408
-0.000314957617442 -0.000314844673267 0.000000000000000 -0.000000112944175
-0.000314398112787 -0.000314361972771 0.000000000000000 -0.000000036140016
-0.000313886431484 -0.000313903226668 0.000000000000000 0.000000016795184
-0.000313428542337 -0.000313464548055 0.000000000000000 0.000000036005718
-0.000312995326749 -0.000313054147295 0.000000000000000 0.000000058820546
-0.000312658112205 -0.000312631434131 0.000000000000000 -0.000000026678074
-0.000312241093284 -0.000312207489818 0.000000000000000 -0.000000033603466
-0.000311753392243 -0.000311834110385 0.000000000000000 0.000000080718143
-0.000311552487259 -0.000311456452576 0.000000000000000 -0.000000096034683
-0.000310979150925 -0.000311094482301 0.000000000000000 0.000000115331377
-0.000310684597750 -0.000310755235841 0.000000000000000 0.000000070638091
-0.000310479304295 -0.000310414819978 0.000000000000000 -0.000000064484317
-0.000310009217213 -0.000310086703622 0.000000000000000 0.000000077486409
-0.000309934684010 -0.000309803166002 0.000000000000000 -0.000000131518008
-0.000309510269644 -0.000309532839011 0.000000000000000 0.000000022569366
-0.000309333451150 -0.000309260196838 0.000000000000000 -0.000000073254312
-0.000309046894501 -0.000309049255699 0.000000000000000 0.000000002361197
-0.000308934217033 -0.000308845174732 0.000000000000000 -0.000000089042301
-0.000308581098406 -0.000308648482942 0.000000000000000 0.000000067384536
-0.000308276391247 -0.000308501787310 0.000000000000000 0.000000225396064
-0.000308341030609 -0.000308352374294 0.000000000000000 0.000000011343684
-0.000308190098495 -0.000308204453676 0.000000000000000 0.000000014355181
-0.000308037019733 -0.000308044313672 0.000000000000000 0.000000007293940
-0.000307872313746 -0.000307862294893 0.000000000000000 -0.000000010018853
-0.000307659971117 -0.000307677838353 0.000000000000000 0.000000017867236
-0.000307424030505 -0.000307493044894 0.000000000000000 0.000000069014389
-0.000307225883408 -0.000307301168933 0.000000000000000 0.000000075285525
-0.000306913609002 -0.000307094605124 0.000000000000000 0.000000180996122
-0.000306847472148 -0.000306854910427 0.000000000000000 0.000000007438279
-0.000306432507020 -0.000306577184101 0.000000000000000 0.000000144677080
-0.000306169072249 -0.000306256310603 0.000000000000000 0.000000087238355
-0.000305960937310 -0.000305900220102 0.000000000000000 -0.000000060717208
-0.000305672471182 -0.000305562295869 0.000000000000000 -0.000000110175313
-0.000305171821911 -0.000305221571391 0.000000000000000 0.000000049749479
-0.000304808068349 -0.000304904541311 0.000000000000000 0.000000096472962
-0.000304703789210 -0.000304615809856 0.000000000000000 -0.000000087979354
-0.000304386118010 -0.000304318824669 0.000000000000000 -0.000000067293341
-0.000304045507506 -0.000304016440550 0.000000000000000 -0.000000029066956
-0.000303666184634 -0.000303703521529 0.000000000000000 0.000000037336895
-0.000303428652432 -0.000303365841540 0.000000000000000 -0.000000062810893
-0.000303051725075 -0.000302984571203 0.000000000000000 -0.000000067153872
-0.000302528346845 -0.000302554455736 0.000000000000000 0.000000026108891
-0.000302303042345 -0.000302095479085 0.000000000000000 -0.000000207563260
-0.000301579596025 -0.000301624506748 0.000000000000000 0.000000044910723
-0.000301125801204 -0.000301144892514 0.000000000000000 0.000000019091310
-0.000300700885986 -0.000300658117596 0.000000000000000 -0.000000042768389
-0.000300159874149 -0.000300147091883 0.000000000000000 -0.000000012782265
-0.000299571449220 -0.000299617753583 0.000000000000000 0.000000046304364
-0.000298958019694 -0.000299056644515 0.000000000000000 0.000000098624821
-0.000298422619777 -0.000298461414116 0.000000000000000 0.000000038794339
-0.000297805351211 -0.000297860686859 0.000000000000000 0.000000055335648
-0.000297238436174 -0.000297266572791 0.000000000000000 0.000000028136617
-0.000296620605297 -0.000296686974801 0.000000000000000 0.000000066369505
-0.000296181856488 -0.000296113291166 0.000000000000000 -0.000000068565322
-0.000295567923250 -0.000295535718461 0.000000000000000 -0.000000032204789
-0.000295097889058 -0.000294950566318 0.000000000000000 -0.000000147322740
-0.000294508488738 -0.000294395873104 0.000000000000000 -0.000000112615634
-0.000293838003749 -0.000293854642979 0.000000000000000 0.000000016639230
-0.000293408100417 -0.000293293701686 0.000000000000000 -0.000000114398731
-0.000292750927271 -0.000292734484024 0.000000000000000 -0.000000016443247
-0.000292349023272 -0.000292233841873 0.000000000000000 -0.000000115181400
-0.000291800147926 -0.000291756372534 0.000000000000000 -0.000000043775392
-0.000291157529582 -0.000291275304249 0.000000000000000 0.000000117774667
-0.000290867698777 -0.000290811849146 0.000000000000000 -0.000000055849630
-0.000290509773433 -0.000290370991741 0.000000000000000 -0.000000138781692
-0.000289953539204 -0.000289943201728 0.000000000000000 -0.000000010337477
-0.000289442438832 -0.000289485836059 0.000000000000000 0.000000043397227
-0.000289009516646 -0.000289012873591 0.000000000000000 0.000000003356945
-0.000288444476427 -0.000288557016756 0.000000000000000 0.000000112540330
-0.000288054018369 -0.000288097720876 0.000000000000000 0.000000043702508
-0.000287567226120 -0.000287614914808 0.000000000000000 0.000000047688687
-0.000287082748308 -0.000287130413413 0.000000000000000 0.000000047665105
-0.000286673115834 -0.000286631304862 0.000000000000000 -0.000000041810972
-0.000286263399085 -0.000286118885703 0.000000000000000 -0.000000144513382
-0.000285711016427 -0.000285587605664 0.000000000000000 -0.000000123410763
-0.000284954685350 -0.000285050718972 0.000000000000000 0.000000096033622
-0.000284168077857 -0.000284506127868 0.000000000000000 0.000000338050012
-0.000283985799791 -0.000283954809899 0.000000000000000 -0.000000030989892
-0.000283352820486 -0.000283369948339 0.000000000000000 0.000000017127852
-0.000282775955806 -0.000282774713831 0.000000000000000 -0.000000001241975
-0.000282180908589 -0.000282166182639 0.000000000000000 -0.000000014725951
-0.000281281278876 -0.000281538476474 0.000000000000000 0.000000257197598
-0.000280871412478 -0.000280890043245 0.000000000000000 0.000000018630767
-0.000280275884703 -0.000280232125592 0.000000000000000 -0.000000043759111
-0.000279469847552 -0.000279576404422 0.000000000000000 0.000000106556870
-0.000278997563295 -0.000278943887679 0.000000000000000 -0.000000053675616
-0.000278347259560 -0.000278323080719 0.000000000000000 -0.000000024178841
-0.000277808251280 -0.000277692970007 0.000000000000000 -0.000000115281273
-0.000277046598704 -0.000277048173959 0.000000000000000 0.000000001575254
-0.000276371723694 -0.000276387921836 0.000000000000000 0.000000016198142
-0.000275500323520 -0.000275703885949 0.000000000000000 0.000000203562429
-0.000275082192220 -0.000274984988923 0.000000000000000 -0.000000097203298
-0.000274396777859 -0.000274244331933 0.000000000000000 -0.000000152445926
-0.000273258036511 -0.000273473304696 0.000000000000000 0.000000215268185
-0.000272416145677 -0.000272665717456 0.000000000000000 0.000000249571779
-0.000271912428321 -0.000271837629707 0.000000000000000 -0.000000074798615
