#Total(seconds)   GW(seconds)       Red(seconds)      White(seconds)
0.000027098486061 0.000027277666959 0.000000000000000 -0.000000179180898
0.000027991847312 0.000027990641199 0.000000000000000 0.000000001206114
0.000028733767558 0.000028696787209 0.000000000000000 0.000000036980349
0.000029470497639 0.000029392939049 0.000000000000000 0.000000077558590
0.000029957107718 0.000030063559254 0.000000000000000 -0.000000106451536
0.000030594287164 0.000030740399262 0.000000000000000 -0.000000146112098
0.000031195888284 0.000031415549165 0.000000000000000 -0.000000219660881
0.000032105809744 0.000032052873947 0.000000000000000 0.000000052935798
0.000032831817200 0.000032671494138 0.000000000000000 0.000000160323061
0.000033315280898 0.000033291726312 0.000000000000000 0.000000023554586
0.000033904022428 0.000033894514547 0.000000000000000 0.000000009507880
0.000034489749924 0.000034513685444 0.000000000000000 -0.000000023935519
0.000035224715033 0.000035149149164 0.000000000000000 0.000000075565869
0.000035694550809 0.000035809727178 0.000000000000000 -0.000000115176369
0.000036482860470 0.000036478710493 0.000000000000000 0.000000004149978
0.000037136176299 0.000037137406359 0.000000000000000 -0.000000001230060
0.000037901135609 0.000037766867443 0.000000000000000 0.000000134268166
0.000038302555783 0.000038435125801 0.000000000000000 -0.000000132570018
0.000039125622119 0.000039124937586 0.000000000000000 0.000000000684533
0.000039812306612 0.000039802950507 0.000000000000000 0.000000009356105
0.000040592903349 0.000040512721028 0.000000000000000 0.000000080182321
0.000041249820064 0.000041246006603 0.000000000000000 0.000000003813461
0.000041908325367 0.000041994932205 0.000000000000000 -0.000000086606837
0.000042554689189 0.000042770621418 0.000000000000000 -0.000000215932229
0.000043570851587 0.000043530887000 0.000000000000000 0.000000039964587
0.000044324838534 0.000044260148784 0.000000000000000 0.000000064689750
0.000044827463458 0.000044971566939 0.000000000000000 -0.000000144103481
0.000045598591046 0.000045663384919 0.000000000000000 -0.000000064793874
0.000046541334745 0.000046362082917 0.000000000000000 0.000000179251828
0.000047169280599 0.000047053070996 0.000000000000000 0.000000116209604
0.000047788280817 0.000047733852304 0.000000000000000 0.000000054428512
0.000048313361905 0.000048408610689 0.000000000000000 -0.000000095248784
0.000049022417036 0.000049072251497 0.000000000000000 -0.000000049834461
0.000049859576190 0.000049744517695 0.000000000000000 0.000000115058495
0.000050432619639 0.000050432593950 0.000000000000000 0.000000000025689
0.000051150822626 0.000051134928785 0.000000000000000 0.000000015893841
0.000051727719227 0.000051860571223 0.000000000000000 -0.000000132851996
0.000052407964932 0.000052603390313 0.000000000000000 -0.000000195425382
0.000053405322274 0.000053358878373 0.000000000000000 0.000000046443901
0.000054216007391 0.000054099051597 0.000000000000000 0.000000116955794
0.000054849696689 0.000054848597382 0.000000000000000 0.000000001099307
0.000055448216748 0.000055610108079 0.000000000000000 -0.000000161891331
0.000056266779516 0.000056355842518 0.000000000000000 -0.000000089063002
0.000057017534316 0.000057096971603 0.000000000000000 -0.000000079437287
0.000057860221915 0.000057829391153 0.000000000000000 0.000000030830762
0.000058398800691 0.000058579780136 0.000000000000000 -0.000000180979445
0.000059251190991 0.000059330312540 0.000000000000000 -0.000000079121549
0.000060023366300 0.000060054098482 0.000000000000000 -0.000000030732182
0.000060684989577 0.000060763842082 0.000000000000000 -0.000000078852505
0.000061588050168 0.000061476284663 0.000000000000000 0.000000111765505
0.000062250664154 0.000062155838903 0.000000000000000 0.000000094825251
0.000062789586710 0.000062835210701 0.000000000000000 -0.000000045623991
0.000063443816543 0.000063492064838 0.000000000000000 -0.000000048248295
0.000064176536423 0.000064119573354 0.000000000000000 0.000000056963069
0.000064755788243 0.000064727958542 0.000000000000000 0.000000027829701
0.000065391786597 0.000065318654022 0.000000000000000 0.000000073132575
0.000066053722079 0.000065872108298 0.000000000000000 0.000000181613781
0.000066360767798 0.000066383686927 0.000000000000000 -0.000000022919129
0.000066969500521 0.000066895855536 0.000000000000000 0.000000073644985
0.000067288671927 0.000067408912069 0.000000000000000 -0.000000120240141
0.000067811688521 0.000067912548462 0.000000000000000 -0.000000100859941
0.000068512249342 0.000068384141566 0.000000000000000 0.000000128107776
0.000068825247628 0.000068806701565 0.000000000000000 0.000000018546063
0.000069321478156 0.000069223370006 0.000000000000000 0.000000098108150
0.000069780267970 0.000069636522391 0.000000000000000 0.000000143745579
0.000069855655333 0.000070037775503 0.000000000000000 -0.000000182120170
0.000070393454703 0.000070407281301 0.000000000000000 -0.000000013826598
0.000070883767482 0.000070755590922 0.000000000000000 0.000000128176560
0.000070983830108 0.000071090907052 0.000000000000000 -0.000000107076944
0.000071242670943 0.000071430361919 0.000000000000000 -0.000000187690975
0.000071693204019 0.000071765107386 0.000000000000000 -0.000000071903367
0.000072174545573 0.000072088581453 0.000000000000000 0.000000085964120
0.000072469858595 0.000072379234959 0.000000000000000 0.000000090623636
0.000072598308506 0.000072657830092 0.000000000000000 -0.000000059521586
0.000072926716248 0.000072939662484 0.000000000000000 -0.000000012946236
0.000073269379389 0.000073230021157 0.000000000000000 0.000000039358232
0.000073505322796 0.000073485864028 0.000000000000000 0.000000019458768
0.000073803515007 0.000073707495661 0.000000000000000 0.000000096019347
0.000073935276109 0.000073935395716 0.000000000000000 -0.000000000119607
0.000074156144638 0.000074191727389 0.000000000000000 -0.000000035582751
0.000074483444062 0.000074431625727 0.000000000000000 0.000000051818336
0.000074844885907 0.000074687389047 0.000000000000000 0.000000157496859
0.000075108413353 0.000074961181678 0.000000000000000 0.000000147231676
0.000075150619403 0.000075276894038 0.000000000000000 -0.000000126274635
0.000075491729965 0.000075590056333 0.000000000000000 -0.000000098326368
0.000075925848369 0.000075885705883 0.000000000000000 0.000000040142486
0.000076162830152 0.000076187143071 0.000000000000000 -0.000000024312920
0.000076177169369 0.000076461097171 0.000000000000000 -0.000000283927802
0.000076846390678 0.000076734393609 0.000000000000000 0.000000111997069
0.000076898186907 0.000077030036710 0.000000000000000 -0.000000131849803
0.000077440436728 0.000077332072097 0.000000000000000 0.000000108364631
0.000077617702340 0.000077649271407 0.000000000000000 -0.000000031569067
0.000077730931317 0.000077966226473 0.000000000000000 -0.000000235295155
0.000078180311250 0.000078281781102 0.000000000000000 -0.000000101469852
0.000078578876194 0.000078614796746 0.000000000000000 -0.000000035920552
0.000078797936464 0.000078968619003 0.000000000000000 -0.000000170682540
0.000079350228596 0.000079343018040 0.000000000000000 0.000000007210557
0.000079758766747 0.000079757170969 0.000000000000000 0.000000001595779
0.000080273172491 0.000080188036201 0.000000000000000 0.000000085136289
0.000080439453686 0.000080597978976 0.000000000000000 -0.000000158525290
0.000080991606165 0.000080991015791 0.000000000000000 0.000000000590374
0.000081332906766 0.000081391157080 0.000000000000000 -0.000000058250315
0.000081881611962 0.000081753864652 0.000000000000000 0.000000127747311
0.000082070346813 0.000082094703405 0.000000000000000 -0.000000024356592
0.000082582282431 0.000082436183470 0.000000000000000 0.000000146098961
0.000082837388337 0.000082736093592 0.000000000000000 0.000000101294745
0.000083095410098 0.000082985560727 0.000000000000000 0.000000109849371
0.000083160717313 0.000083203349256 0.000000000000000 -0.000000042631943
0.000083411696603 0.000083384999101 0.000000000000000 0.000000026697502
0.000083568863613 0.000083541280964 0.000000000000000 0.000000027582649
0.000083710492825 0.000083676612406 0.000000000000000 0.000000033880419
0.000083676056064 0.000083808682051 0.000000000000000 -0.000000132625987
0.000083981699833 0.000083936914726 0.000000000000000 0.000000044785107
0.000084132798540 0.000084073105930 0.000000000000000 0.000000059692610
0.000084206646004 0.000084239471471 0.000000000000000 -0.000000032825467
0.000084488727190 0.000084415166045 0.000000000000000 0.000000073561145
0.000084619812856 0.000084587145487 0.000000000000000 0.000000032667369
0.000084699203005 0.000084747741280 0.000000000000000 -0.000000048538274
0.000084897312739 0.000084901547719 0.000000000000000 -0.000000004234980
0.000085012272959 0.000085081536478 0.000000000000000 -0.000000069263519
0.000085408550710 0.000085243445938 0.000000000000000 0.000000165104773
0.000085375993206 0.000085405790984 0.000000000000000 -0.000000029797778
0.000085711638404 0.000085572029125 0.000000000000000 0.000000139609279
0.000085832260724 0.000085748328317 0.000000000000000 0.000000083932407
0.000086004276614 0.000085925990168 0.000000000000000 0.000000078286446
0.000086201051961 0.000086108660445 0.000000000000000 0.000000092391516
0.000086198638881 0.000086296145095 0.000000000000000 -0.000000097506214
0.000086585911184 0.000086507909160 0.000000000000000 0.000000078002025
0.000086748867961 0.000086730853717 0.000000000000000 0.000000018014243
0.000086921737157 0.000086970685687 0.000000000000000 -0.000000048948530
