#Total(seconds)   GW(seconds)       Red(seconds)      White(seconds)
-0.000105860231078 -0.000105756829726 0.000000000000000 -0.000000103401352
-0.000105257696131 -0.000105141000177 0.000000000000000 -0.000000116695954
-0.000104437159053 -0.000104504712634 0.000000000000000 0.000000067553581
-0.000103934182494 -0.000103841365746 0.000000000000000 -0.000000092816747
-0.000103166650421 -0.000103172829875 0.000000000000000 0.000000006179454
-0.000102403736509 -0.000102499064501 0.000000000000000 0.000000095327992
-0.000101791727477 -0.000101836926478 0.000000000000000 0.000000045199001
-0.000101071478031 -0.000101181268452 0.000000000000000 0.000000109790422
-0.000100495032755 -0.000100503948616 0.000000000000000 0.000000008915861
-0.000099638044654 -0.000099768917597 0.000000000000000 0.000000130872943
-0.000099048957776 -0.000099015318875 0.000000000000000 -0.000000033638901
-0.000098442865235 -0.000098259440867 0.000000000000000 -0.000000183424368
-0.000097369711614 -0.000097478072669 0.000000000000000 0.000000108361055
-0.000096731514570 -0.000096680433347 0.000000000000000 -0.000000051081223
-0.000095917015872 -0.000095889259840 0.000000000000000 -0.000000027756033
-0.000095103224277 -0.000095092403867 0.000000000000000 -0.000000010820411
-0.000094353346432 -0.000094292164374 0.000000000000000 -0.000000061182059
-0.000093209781219 -0.000093471555738 0.000000000000000 0.000000261774519
-0.000092478909508 -0.000092665326220 0.000000000000000 0.000000186416712
-0.000091732515036 -0.000091889157821 0.000000000000000 0.000000156642785
-0.000091238722694 -0.000091125443064 0.000000000000000 -0.000000113279630
-0.000090325866476 -0.000090366227189 0.000000000000000 0.000000040360713
-0.000089597995889 -0.000089607823426 0.000000000000000 0.000000009827536
-0.000088721147426 -0.000088838565645 0.000000000000000 0.000000117418219
-0.000087992248064 -0.000088053113980 0.000000000000000 0.000000060865916
-0.000087355980757 -0.000087269836941 0.000000000000000 -0.000000086143817
-0.000086437860018 -0.000086497803539 0.000000000000000 0.000000059943522
-0.000085747107478 -0.000085724127113 0.000000000000000 -0.000000022980365
-0.000084856504034 -0.000084933973038 0.000000000000000 0.000000077469004
-0.000083946369480 -0.000084116378475 0.000000000000000 0.000000170008995
-0.000083286647238 -0.000083282626720 0.000000000000000 -0.000000004020517
-0.000082585819996 -0.000082424854718 0.000000000000000 -0.000000160965278
-0.000081269093618 -0.000081541384662 0.000000000000000 0.000000272291044
-0.000080491709388 -0.000080617297413 0.000000000000000 0.000000125588025
-0.000079618806112 -0.000079685902650 0.000000000000000 0.000000067096538
-0.000078787540948 -0.000078734149700 0.000000000000000 -0.000000053391249
-0.000077685468458 -0.000077773697215 0.000000000000000 0.000000088228757
-0.000076751788485 -0.000076823230255 0.000000000000000 0.000000071441770
-0.000075990169456 -0.000075859714735 0.000000000000000 -0.000000130454721
-0.000074772625866 -0.000074916183846 0.000000000000000 0.000000143557979
-0.000073931208312 -0.000074017400038 0.000000000000000 0.000000086191727
-0.000073124640775 -0.000073159818695 0.000000000000000 0.000000035177920
-0.000072429535184 -0.000072313203761 0.000000000000000 -0.000000116331424
-0.000071468752731 -0.000071432201053 0.000000000000000 -0.000000036551679
-0.000070395886609 -0.000070545018660 0.000000000000000 0.000000149132051
-0.000069534536346 -0.000069601592687 0.000000000000000 0.000000067056341
-0.000068642266185 -0.000068617773621 0.000000000000000 -0.000000024492564
-0.000067654794138 -0.000067619222882 0.000000000000000 -0.000000035571257
-0.000066740978926 -0.000066633305601 0.000000000000000 -0.000000107673324
-0.000065585866668 -0.000065670545354 0.000000000000000 0.000000084678687
-0.000064626923994 -0.000064726184349 0.000000000000000 0.000000099260355
-0.000063780028339 -0.000063780960045 0.000000000000000 0.000000000931706
-0.000062817976235 -0.000062852227112 0.000000000000000 0.000000034250877
-0.000062032809307 -0.000061952716679 0.000000000000000 -0.000000080092628
-0.000060961477764 -0.000061069899889 0.000000000000000 0.000000108422126
-0.000060278905051 -0.000060186730800 0.000000000000000 -0.000000092174251
-0.000059231645365 -0.000059347998867 0.000000000000000 0.000000116353501
-0.000058509309540 -0.000058552229808 0.000000000000000 0.000000042920268
-0.000057760170844 -0.000057765448069 0.000000000000000 0.000000005277225
-0.000057141826424 -0.000056998193117 0.000000000000000 -0.000000143633308
-0.000056169287529 -0.000056233129940 0.000000000000000 0.000000063842411
-0.000055665084000 -0.000055466050010 0.000000000000000 -0.000000199033990
-0.000054712164232 -0.000054692731532 0.000000000000000 -0.000000019432700
-0.000053894784103 -0.000053918723065 0.000000000000000 0.000000023938962
-0.000053118951182 -0.000053151923873 0.000000000000000 0.000000032972691
-0.000052295648435 -0.000052402663677 0.000000000000000 0.000000107015241
-0.000051700204160 -0.000051661845817 0.000000000000000 -0.000000038358343
-0.000050833261942 -0.000050912648850 0.000000000000000 0.000000079386909
-0.000050161833999 -0.000050187578017 0.000000000000000 0.000000025744018
-0.000049458000588 -0.000049473707194 0.000000000000000 0.000000015706606
-0.000048749329224 -0.000048761189129 0.000000000000000 0.000000011859904
-0.000048208565901 -0.000048071105608 0.000000000000000 -0.000000137460293
-0.000047484674994 -0.000047392437324 0.000000000000000 -0.000000092237670
-0.000046800762127 -0.000046706404600 0.000000000000000 -0.000000094357527
-0.000046022808009 -0.000046010560005 0.000000000000000 -0.000000012248004
-0.000045532275291 -0.000045294968860 0.000000000000000 -0.000000237306431
-0.000044550203650 -0.000044567542272 0.000000000000000 0.000000017338622
-0.000043897132219 -0.000043853637722 0.000000000000000 -0.000000043494496
-0.000043206780303 -0.000043173029125 0.000000000000000 -0.000000033751178
-0.000042528010800 -0.000042482613735 0.000000000000000 -0.000000045397065
-0.000041834370271 -0.000041784282789 0.000000000000000 -0.000000050087482
-0.000040941990560 -0.000041075153978 0.000000000000000 0.000000133163418
-0.000040532011172 -0.000040357552130 0.000000000000000 -0.000000174459042
-0.000039556723453 -0.000039651733395 0.000000000000000 0.000000095009942
-0.000038945115861 -0.000038938900552 0.000000000000000 -0.000000006215309
-0.000038240524427 -0.000038195141921 0.000000000000000 -0.000000045382506
-0.000037491847127 -0.000037426211302 0.000000000000000 -0.000000065635825
-0.000036693259731 -0.000036660523876 0.000000000000000 -0.000000032735855
-0.000035985729996 -0.000035908234342 0.000000000000000 -0.000000077495653
-0.000035169788708 -0.000035173810166 0.000000000000000 0.000000004021458
-0.000034514802040 -0.000034436318589 0.000000000000000 -0.000000078483451
-0.000033693027949 -0.000033673433092 0.000000000000000 -0.000000019594857
-0.000032921407892 -0.000032902443719 0.000000000000000 -0.000000018964173
-0.000031953221971 -0.000032148080679 0.000000000000000 0.000000194858708
-0.000031253586359 -0.000031424013016 0.000000000000000 0.000000170426657
-0.000030642708532 -0.000030730862408 0.000000000000000 0.000000088153876
-0.000030042763304 -0.000030029824890 0.000000000000000 -0.000000012938413
-0.000029393087481 -0.000029327188603 0.000000000000000 -0.000000065898878
-0.000028519449576 -0.000028621222637 0.000000000000000 0.000000101773061
-0.000027903573379 -0.000027955685458 0.000000000000000 0.000000052112079
-0.000027451345929 -0.000027308321710 0.000000000000000 -0.000000143024220
-0.000026785661887 -0.000026678424511 0.000000000000000 -0.000000107237376
-0.000026110665557 -0.000026071071625 0.000000000000000 -0.000000039593932
-0.000025412214082 -0.000025478503484 0.000000000000000 0.000000066289402
-0.000024803723824 -0.000024859747774 0.000000000000000 0.000000056023950
-0.000024312406887 -0.000024244182414 0.000000000000000 -0.000000068224473
-0.000023695610850 -0.000023619531010 0.000000000000000 -0.000000076079840
-0.000023007295815 -0.000023016295631 0.000000000000000 0.000000008999816
-0.000022415643358 -0.000022408540484 0.000000000000000 -0.000000007102874
-0.000021833447913 -0.000021742184147 0.000000000000000 -0.000000091263766
-0.000021207175195 -0.000021030425605 0.000000000000000 -0.000000176749589
-0.000020333724490 -0.000020319452982 0.000000000000000 -0.000000014271508
-0.000019576663849 -0.000019617894820 0.000000000000000 0.000000041230971
-0.000018973530914 -0.000018937044318 0.000000000000000 -0.000000036486596
-0.000018181163527 -0.000018236155601 0.000000000000000 0.000000054992074
-0.000017651218544 -0.000017522588000 0.000000000000000 -0.000000128630544
-0.000016736458474 -0.000016802138770 0.000000000000000 0.000000065680296
-0.000016207421420 -0.000016089494559 0.000000000000000 -0.000000117926861
-0.000015463527377 -0.000015371054692 0.000000000000000 -0.000000092472685
-0.000014650260463 -0.000014630926307 0.000000000000000 -0.000000019334156
-0.000013828554784 -0.000013874537270 0.000000000000000 0.000000045982487
-0.000013072504903 -0.000013082302986 0.000000000000000 0.000000009798083
-0.000012142182547 -0.000012281473370 0.000000000000000 0.000000139290823
-0.000011279579423 -0.000011480161715 0.000000000000000 0.000000200582292
-0.000010568654683 -0.000010649617545 0.000000000000000 0.000000080962862
-0.000009745513808 -0.000009783077985 0.000000000000000 0.000000037564177
-0.000008879655175 -0.000008869146661 0.000000000000000 -0.000000010508514
-0.000007821841296 -0.000007901020239 0.000000000000000 0.000000079178942
-0.000007079202190 -0.000006897343088 0.000000000000000 -0.000000181859102
-0.000005907593919 -0.000005855924375 0.000000000000000 -0.000000051669545
