#Total(seconds)   GW(seconds)       Red(seconds)      White(seconds)
0.000269464394568 0.000269174337941 0.000000000000000 0.000000290056627
0.000270940910060 0.000270228391068 0.000000000000000 0.000000712518993
0.000271441781902 0.000271400611663 0.000000000000000 0.000000041170239
0.000272473362108 0.000272180436485 0.000000000000000 0.000000292925623
0.000273151887573 0.000273070879024 0.000000000000000 0.000000081008548
0.000274073298651 0.000274085133884 0.000000000000000 -0.000000011835233
0.000275101235752 0.000275142744350 0.000000000000000 -0.000000041508598
0.000275182950982 0.000275873155674 0.000000000000000 -0.000000690204692
0.000277370989958 0.000276877329912 0.000000000000000 0.000000493660046
0.000277468403042 0.000277817357927 0.000000000000000 -0.000000348954885
0.000278362831201 0.000278916219297 0.000000000000000 -0.000000553388096
0.000280074696781 0.000280101730008 0.000000000000000 -0.000000027033226
0.000280247932636 0.000281044748733 0.000000000000000 -0.000000796816096
0.000281960799027 0.000282006379833 0.000000000000000 -0.000000045580806
0.000282273706808 0.000282919742647 0.000000000000000 -0.000000646035839
0.000283935451787 0.000284087820599 0.000000000000000 -0.000000152368812
0.000285302183111 0.000284934298896 0.000000000000000 0.000000367884214
0.000286091158193 0.000286026785210 0.000000000000000 0.000000064372983
0.000286943478421 0.000286828040438 0.000000000000000 0.000000115437984
0.000288195185529 0.000287566567522 0.000000000000000 0.000000628618008
0.000288318723332 0.000288502029243 0.000000000000000 -0.000000183305911
0.000289908378723 0.000289191974461 0.000000000000000 0.000000716404262
0.000290287375431 0.000290198316222 0.000000000000000 0.000000089059209
0.000290828489849 0.000290883604538 0.000000000000000 -0.000000055114689
0.000291459384588 0.000291922557612 0.000000000000000 -0.000000463173024
0.000292744392419 0.000292906929326 0.000000000000000 -0.000000162536906
0.000293715733339 0.000293488209937 0.000000000000000 0.000000227523402
0.000294401279353 0.000294152954483 0.000000000000000 0.000000248324870
0.000294455530238 0.000294907757904 0.000000000000000 -0.000000452227666
0.000295394607435 0.000295375696683 0.000000000000000 0.000000018910752
0.000296180097517 0.000296116882056 0.000000000000000 0.000000063215460
0.000296642477682 0.000296571398523 0.000000000000000 0.000000071079158
0.000296353564544 0.000297072692194 0.000000000000000 -0.000000719127651
0.000297537889788 0.000297549990775 0.000000000000000 -0.000000012100987
0.000298218104113 0.000298291461465 0.000000000000000 -0.000000073357353
0.000298682525848 0.000299052612707 0.000000000000000 -0.000000370086858
0.000298708707372 0.000299513054749 0.000000000000000 -0.000000804347377
0.000299957963886 0.000300056468505 0.000000000000000 -0.000000098504619
0.000300666034891 0.000300755508901 0.000000000000000 -0.000000089474010
0.000300987402246 0.000301185382820 0.000000000000000 -0.000000197980574
0.000301896595247 0.000301767103747 0.000000000000000 0.000000129491500
0.000301876512024 0.000302121821108 0.000000000000000 -0.000000245309084
0.000301910359872 0.000302548380994 0.000000000000000 -0.000000638021122
0.000302783073864 0.000303302668053 0.000000000000000 -0.000000519594189
0.000303533913200 0.000303891258092 0.000000000000000 -0.000000357344892
0.000304457440490 0.000304365895881 0.000000000000000 0.000000091544609
0.000304473863400 0.000304745616443 0.000000000000000 -0.000000271753042
0.000305158217294 0.000305316742131 0.000000000000000 -0.000000158524837
0.000305722291013 0.000305764760543 0.000000000000000 -0.000000042469530
0.000306226142109 0.000306221917999 0.000000000000000 0.000000004224109
0.000306788745670 0.000306938264941 0.000000000000000 -0.000000149519271
0.000307192333082 0.000307326233858 0.000000000000000 -0.000000133900775
0.000308424736365 0.000307858899424 0.000000000000000 0.000000565836941
0.000307665850359 0.000308185426696 0.000000000000000 -0.000000519576337
0.000308725203732 0.000308678561634 0.000000000000000 0.000000046642098
0.000309095124620 0.000308997284617 0.000000000000000 0.000000097840003
0.000309298600572 0.000309254401540 0.000000000000000 0.000000044199033
0.000309548424873 0.000309652904538 0.000000000000000 -0.000000104479665
0.000310074246251 0.000310173080126 0.000000000000000 -0.000000098833875
0.000310785827185 0.000310727315189 0.000000000000000 0.000000058511996
0.000311470203703 0.000311241805458 0.000000000000000 0.000000228398245
0.000311772338401 0.000311586086247 0.000000000000000 0.000000186252154
0.000312136206560 0.000311949444495 0.000000000000000 0.000000186762065
0.000312170291467 0.000312547261642 0.000000000000000 -0.000000376970174
0.000313146064412 0.000312830618018 0.000000000000000 0.000000315446394
0.000313005254753 0.000313125290963 0.000000000000000 -0.000000120036210
0.000313904527795 0.000313451112003 0.000000000000000 0.000000453415792
0.000313403325715 0.000313893391707 0.000000000000000 -0.000000490065991
0.000314380429722 0.000314150193841 0.000000000000000 0.000000230235880
0.000314771996976 0.000314559264624 0.000000000000000 0.000000212732352
0.000314906970524 0.000314789451204 0.000000000000000 0.000000117519321
0.000314746429582 0.000315027684711 0.000000000000000 -0.000000281255129
0.000315178026465 0.000315248581742 0.000000000000000 -0.000000070555276
0.000315941371271 0.000315442176098 0.000000000000000 0.000000499195172
0.000315349319090 0.000315668691971 0.000000000000000 -0.000000319372881
0.000315831696392 0.000315862920011 0.000000000000000 -0.000000031223619
0.000315789196653 0.000316223694408 0.000000000000000 -0.000000434497754
0.000316862323130 0.000316487611028 0.000000000000000 0.000000374712103
0.000317104827063 0.000316627692247 0.000000000000000 0.000000477134816
0.000316499594196 0.000316744343703 0.000000000000000 -0.000000244749506
0.000317033325861 0.000316860931815 0.000000000000000 0.000000172394046
0.000317520237017 0.000317099782461 0.000000000000000 0.000000420454557
0.000317255978497 0.000317263580844 0.000000000000000 -0.000000007602347
0.000317617603588 0.000317400951386 0.000000000000000 0.000000216652201
0.000317858925449 0.000317625349286 0.000000000000000 0.000000233576163
0.000317762188612 0.000317778301520 0.000000000000000 -0.000000016112908
0.000317772933633 0.000318035118003 0.000000000000000 -0.000000262184370
0.000318312316513 0.000318176975709 0.000000000000000 0.000000135340804
0.000318875314203 0.000318399685277 0.000000000000000 0.000000475628926
0.000318201370152 0.000318639790102 0.000000000000000 -0.000000438419950
0.000318376285314 0.000318795951601 0.000000000000000 -0.000000419666288
0.000319357512161 0.000319000745615 0.000000000000000 0.000000356766546
0.000319359832594 0.000319203641894 0.000000000000000 0.000000156190700
0.000319507864710 0.000319442987010 0.000000000000000 0.000000064877700
0.000319222931525 0.000319597413334 0.000000000000000 -0.000000374481809
0.000319582977239 0.000319763097229 0.000000000000000 -0.000000180119990
0.000319800961715 0.000319949047242 0.000000000000000 -0.000000148085527
0.000319924887312 0.000320093157155 0.000000000000000 -0.000000168269843
0.000320606034081 0.000320251102595 0.000000000000000 0.000000354931486
0.000320268582782 0.000320424127224 0.000000000000000 -0.000000155544442
0.000320612793886 0.000320574707644 0.000000000000000 0.000000038086242
0.000321271423300 0.000320781135408 0.000000000000000 0.000000490287892
0.000320947012783 0.000320925258151 0.000000000000000 0.000000021754632
0.000321483318026 0.000321133944172 0.000000000000000 0.000000349373853
0.000321693569279 0.000321351988699 0.000000000000000 0.000000341580580
0.000321429719138 0.000321619559473 0.000000000000000 -0.000000189840335
0.000322075299125 0.000321875335938 0.000000000000000 0.000000199963187
0.000321808488150 0.000322090005139 0.000000000000000 -0.000000281516989
0.000322190100051 0.000322354780950 0.000000000000000 -0.000000164680900
0.000322714506952 0.000322637356946 0.000000000000000 0.000000077150006
0.000322945252877 0.000322964009272 0.000000000000000 -0.000000018756395
0.000322862655592 0.000323193681934 0.000000000000000 -0.000000331026342
0.000323419348668 0.000323545629480 0.000000000000000 -0.000000126280812
0.000323761345671 0.000323777401629 0.000000000000000 -0.000000016055958
0.000324550427187 0.000324137573644 0.000000000000000 0.000000412853544
0.000324655461451 0.000324416533268 0.000000000000000 0.000000238928183
0.000324728278577 0.000324768835804 0.000000000000000 -0.000000040557227
0.000324671603798 0.000324969322970 0.000000000000000 -0.000000297719172
0.000325197339797 0.000325171566053 0.000000000000000 0.000000025773744
0.000325503307762 0.000325385113812 0.000000000000000 0.000000118193950
0.000325539521646 0.000325675419940 0.000000000000000 -0.000000135898294
0.000325929290925 0.000326015170755 0.000000000000000 -0.000000085879831
0.000326330992034 0.000326531665593 0.000000000000000 -0.000000200673560
0.000326942685212 0.000326804649038 0.000000000000000 0.000000138036174
0.000327523207502 0.000327202587310 0.000000000000000 0.000000320620192
0.000327666054124 0.000327696174192 0.000000000000000 -0.000000030120067
0.000327922157364 0.000328025965985 0.000000000000000 -0.000000103808622
0.000328967951792 0.000328494719564 0.000000000000000 0.000000473232228
0.000328955527446 0.000328763160332 0.000000000000000 0.000000192367114
0.000328874747300 0.000329081319469 0.000000000000000 -0.000000206572169
