#Total(seconds)   GW(seconds)       Red(seconds)      White(seconds)
-0.000124869725179 -0.000124909584397 0.000000000000000 0.000000039859218
-0.000126596265521 -0.000126529627457 0.000000000000000 -0.000000066638064
-0.000128334336337 -0.000128313331517 0.000000000000000 -0.000000021004820
-0.000129557661528 -0.000129481577110 0.000000000000000 -0.000000076084418
-0.000130798054260 -0.000130782214859 0.000000000000000 -0.000000015839401
-0.000132212305386 -0.000132237597520 0.000000000000000 0.000000025292134
-0.000133857720876 -0.000133781127568 0.000000000000000 -0.000000076593308
-0.000134915059218 -0.000134860688381 0.000000000000000 -0.000000054370837
-0.000136412036313 -0.000136385334407 0.000000000000000 -0.000000026701906
-0.000137822742152 -0.000137872109899 0.000000000000000 0.000000049367747
-0.000139638207675 -0.000139647299669 0.000000000000000 0.000000009091995
-0.000141600487884 -0.000141652072623 0.000000000000000 0.000000051584739
-0.000143287019483 -0.000143231939751 0.000000000000000 -0.000000055079732
-0.000144899070292 -0.000144884104854 0.000000000000000 -0.000000014965438
-0.000146520775794 -0.000146489744508 0.000000000000000 -0.000000031031287
-0.000148507072344 -0.000148535934382 0.000000000000000 0.000000028862037
-0.000149981292260 -0.000150051730826 0.000000000000000 0.000000070438566
-0.000151975695111 -0.000152083068520 0.000000000000000 0.000000107373409
-0.000153638367563 -0.000153627465369 0.000000000000000 -0.000000010902194
-0.000155109370370 -0.000155063854042 0.000000000000000 -0.000000045516329
-0.000157000419371 -0.000156908957074 0.000000000000000 -0.000000091462297
-0.000158251587107 -0.000158277478628 0.000000000000000 0.000000025891521
-0.000160249482458 -0.000160250672593 0.000000000000000 0.000000001190135
-0.000161592477695 -0.000161576701280 0.000000000000000 -0.000000015776415
-0.000163691934202 -0.000163676458547 0.000000000000000 -0.000000015475655
-0.000165624467636 -0.000165665669504 0.000000000000000 0.000000041201868
-0.000166863005109 -0.000166833816979 0.000000000000000 -0.000000029188130
-0.000168179671883 -0.000168223306660 0.000000000000000 0.000000043634777
-0.000169913855169 -0.000169848778527 0.000000000000000 -0.000000065076642
-0.000170896705766 -0.000170875078412 0.000000000000000 -0.000000021627354
-0.000172595364900 -0.000172546658741 0.000000000000000 -0.000000048706159
-0.000173671042505 -0.000173617840210 0.000000000000000 -0.000000053202295
-0.000174836229863 -0.000174812364373 0.000000000000000 -0.000000023865490
-0.000176000092360 -0.000175961554043 0.000000000000000 -0.000000038538317
-0.000177596969195 -0.000177682890702 0.000000000000000 0.000000085921506
-0.000179394150467 -0.000179425595269 0.000000000000000 0.000000031444802
-0.000180537915159 -0.000180516884661 0.000000000000000 -0.000000021030497
-0.000181720906915 -0.000181838507250 0.000000000000000 0.000000117600335
-0.000183606548879 -0.000183645494752 0.000000000000000 0.000000038945873
-0.000184795857354 -0.000184843592230 0.000000000000000 0.000000047734875
-0.000186473766351 -0.000186476850197 0.000000000000000 0.000000003083846
-0.000187419332334 -0.000187435896637 0.000000000000000 0.000000016564304
-0.000188523454848 -0.000188581449195 0.000000000000000 0.000000057994346
-0.000190667908224 -0.000190649245803 0.000000000000000 -0.000000018662422
-0.000192365635525 -0.000192290223571 0.000000000000000 -0.000000075411953
-0.000193617132618 -0.000193568997042 0.000000000000000 -0.000000048135576
-0.000194574805840 -0.000194581313160 0.000000000000000 0.000000006507320
-0.000196057763861 -0.000196065805935 0.000000000000000 0.000000008042073
-0.000197222710955 -0.000197231568290 0.000000000000000 0.000000008857335
-0.000198468327004 -0.000198462897920 0.000000000000000 -0.000000005429084
-0.000200617911153 -0.000200589078076 0.000000000000000 -0.000000028833077
-0.000201745895278 -0.000201788517787 0.000000000000000 0.000000042622509
-0.000203435336510 -0.000203474997814 0.000000000000000 0.000000039661305
-0.000204605659984 -0.000204571889664 0.000000000000000 -0.000000033770320
-0.000206387234264 -0.000206299328276 0.000000000000000 -0.000000087905988
-0.000207470225615 -0.000207493591072 0.000000000000000 0.000000023365457
-0.000208492769982 -0.000208544209281 0.000000000000000 0.000000051439299
-0.000210224369546 -0.000210237503419 0.000000000000000 0.000000013133873
-0.000212386395578 -0.000212393156088 0.000000000000000 0.000000006760511
-0.000214532851037 -0.000214533715488 0.000000000000000 0.000000000864452
-0.000216423268906 -0.000216441991661 0.000000000000000 0.000000018722755
-0.000217721122582 -0.000217736721927 0.000000000000000 0.000000015599345
-0.000219092662788 -0.000219054593685 0.000000000000000 -0.000000038069103
-0.000221351443366 -0.000221280136595 0.000000000000000 -0.000000071306772
-0.000222491432931 -0.000222472468941 0.000000000000000 -0.000000018963990
-0.000223828065262 -0.000223741684209 0.000000000000000 -0.000000086381053
-0.000225233775625 -0.000225240965963 0.000000000000000 0.000000007190338
-0.000227520459995 -0.000227491541615 0.000000000000000 -0.000000028918381
-0.000228799254700 -0.000228832137409 0.000000000000000 0.000000032882709
-0.000231060421550 -0.000231074823575 0.000000000000000 0.000000014402025
-0.000232333177479 -0.000232340210109 0.000000000000000 0.000000007032630
-0.000233671526869 -0.000233725021756 0.000000000000000 0.000000053494887
-0.000235092561281 -0.000235041885761 0.000000000000000 -0.000000050675521
-0.000236395000676 -0.000236355433609 0.000000000000000 -0.000000039567067
-0.000238070638794 -0.000238073710604 0.000000000000000 0.000000003071810
-0.000239335799255 -0.000239371868581 0.000000000000000 0.000000036069326
-0.000241785718552 -0.000241766291137 0.000000000000000 -0.000000019427415
-0.000243784667868 -0.000243785000814 0.000000000000000 0.000000000332945
-0.000245076853445 -0.000245085457319 0.000000000000000 0.000000008603874
-0.000246462578910 -0.000246372471155 0.000000000000000 -0.000000090107755
-0.000247864897313 -0.000247888032248 0.000000000000000 0.000000023134935
-0.000250216716632 -0.000250216277849 0.000000000000000 -0.000000000438783
-0.000251688550866 -0.000251669718299 0.000000000000000 -0.000000018832568
-0.000252934810464 -0.000252935054441 0.000000000000000 0.000000000243977
-0.000255091658529 -0.000255161081994 0.000000000000000 0.000000069423465
-0.000256761063448 -0.000256669127852 0.000000000000000 -0.000000091935596
-0.000259024140038 -0.000258987008214 0.000000000000000 -0.000000037131824
-0.000260153394117 -0.000260231302861 0.000000000000000 0.000000077908744
-0.000262206043732 -0.000262177709662 0.000000000000000 -0.000000028334069
-0.000264375878028 -0.000264365135443 0.000000000000000 -0.000000010742586
-0.000265764986451 -0.000265747075831 0.000000000000000 -0.000000017910620
-0.000267435873926 -0.000267451987551 0.000000000000000 0.000000016113626
-0.000269184322273 -0.000269231559125 0.000000000000000 0.000000047236852
-0.000271203969874 -0.000271218627908 0.000000000000000 0.000000014658034
-0.000272386382777 -0.000272387483263 0.000000000000000 0.000000001100486
-0.000273608008928 -0.000273622238840 0.000000000000000 0.000000014229911
-0.000275051012947 -0.000275060186171 0.000000000000000 0.000000009173225
-0.000276140769215 -0.000276157991948 0.000000000000000 0.000000017222733
-0.000277386718645 -0.000277413131130 0.000000000000000 0.000000026412484
-0.000278830865665 -0.000278782865883 0.000000000000000 -0.000000047999782
-0.000279950145707 -0.000279961532591 0.000000000000000 0.000000011386884
-0.000281377530318 -0.000281338244594 0.000000000000000 -0.000000039285724
-0.000282381656286 -0.000282357136092 0.000000000000000 -0.000000024520194
-0.000284020841025 -0.000283992591923 0.000000000000000 -0.000000028249101
-0.000285484073847 -0.000285513489197 0.000000000000000 0.000000029415350
-0.000287313633924 -0.000287327727637 0.000000000000000 0.000000014093714
-0.000289193188476 -0.000289157001562 0.000000000000000 -0.000000036186914
-0.000290425055557 -0.000290448424667 0.000000000000000 0.000000023369109
-0.000291881391531 -0.000291835206534 0.000000000000000 -0.000000046184997
-0.000293347787035 -0.000293315866104 0.000000000000000 -0.000000031920931
-0.000294940496924 -0.000294993493903 0.000000000000000 0.000000052996978
-0.000296206137676 -0.000296163728056 0.000000000000000 -0.000000042409620
-0.000297797877282 -0.000297764854420 0.000000000000000 -0.000000033022861
-0.000298693843976 -0.000298714793359 0.000000000000000 0.000000020949383
-0.000300053573477 -0.000300048306573 0.000000000000000 -0.000000005266904
-0.000301110844996 -0.000301133004677 0.000000000000000 0.000000022159681
-0.000302417388032 -0.000302455286896 0.000000000000000 0.000000037898865
-0.000303255913819 -0.000303208049487 0.000000000000000 -0.000000047864332
-0.000303957885372 -0.000304021617433 0.000000000000000 0.000000063732061
-0.000304844945034 -0.000304843400544 0.000000000000000 -0.000000001544489
-0.000305808429484 -0.000305848117074 0.000000000000000 0.000000039687590
-0.000306864238432 -0.000306863131851 0.000000000000000 -0.000000001106581
-0.000308456355609 -0.000308435292091 0.000000000000000 -0.000000021063518
-0.000309221205543 -0.000309315839865 0.000000000000000 0.000000094634323
-0.000310561593205 -0.000310637782765 0.000000000000000 0.000000076189560
-0.000312102924361 -0.000312087183961 0.000000000000000 -0.000000015740400
-0.000312963529059 -0.000312987883855 0.000000000000000 0.000000024354796
-0.000314250344729 -0.000314268075577 0.000000000000000 0.000000017730847
-0.000315056539025 -0.000314997041459 0.000000000000000 -0.000000059497566
-0.000315783869251 -0.000315857059878 0.000000000000000 0.000000073190627
