#Total(seconds)   GW(seconds)       Red(seconds)      White(seconds)
0.000343302698139 0.000339819922771 0.000000000000000 0.000003482775367
0.000341410277102 0.000339989837970 0.000000000000000 0.000001420439131
0.000338326509975 0.000340173264572 0.000000000000000 -0.000001846754597
0.000342555624975 0.000340273551148 0.000000000000000 0.000002282073826
0.000339618555054 0.000340400192990 0.000000000000000 -0.000000781637936
0.000340411144731 0.000340542172541 0.000000000000000 -0.000000131027810
0.000342379941161 0.000340703708830 0.000000000000000 0.000001676232331
0.000341021294363 0.000340823362627 0.000000000000000 0.000000197931736
0.000342893325441 0.000340982304823 0.000000000000000 0.000001911020618
0.000341673433768 0.000341129581866 0.000000000000000 0.000000543851902
0.000339828555202 0.000341269306345 0.000000000000000 -0.000001440751143
0.000338485172982 0.000341416607035 0.000000000000000 -0.000002931434053
0.000339395056189 0.000341524807042 0.000000000000000 -0.000002129750853
0.000340830363441 0.000341643119150 0.000000000000000 -0.000000812755709
0.000340647833191 0.000341760225864 0.000000000000000 -0.000001112392673
0.000340813339719 0.000341922694872 0.000000000000000 -0.000001109355154
0.000342989013743 0.000342065153561 0.000000000000000 0.000000923860182
0.000339286326113 0.000342271471824 0.000000000000000 -0.000002985145711
0.000341176651336 0.000342396019911 0.000000000000000 -0.000001219368575
0.000344658519801 0.000342490089320 0.000000000000000 0.000002168430482
0.000340999055349 0.000342626766397 0.000000000000000 -0.000001627711048
0.000340690082018 0.000342745131339 0.000000000000000 -0.000002055049322
0.000341796872519 0.000342896914017 0.000000000000000 -0.000001100041497
0.000340241371625 0.000342993774769 0.000000000000000 -0.000002752403144
0.000342358429591 0.000343146064522 0.000000000000000 -0.000000787634931
0.000345631446085 0.000343326770284 0.000000000000000 0.000002304675801
0.000342374349048 0.000343412084786 0.000000000000000 -0.000001037735738
0.000340832674672 0.000343463075693 0.000000000000000 -0.000002630401021
0.000340819403209 0.000343495958595 0.000000000000000 -0.000002676555386
0.000341549391089 0.000343509116976 0.000000000000000 -0.000001959725887
0.000343199409035 0.000343518234420 0.000000000000000 -0.000000318825385
0.000346464954158 0.000343517769144 0.000000000000000 0.000002947185014
0.000346080507023 0.000343496468414 0.000000000000000 0.000002584038608
0.000341173564416 0.000343450677486 0.000000000000000 -0.000002277113070
0.000346301427981 0.000343347232652 0.000000000000000 0.000002954195329
0.000345068519495 0.000343256077419 0.000000000000000 0.000001812442076
0.000341526519021 0.000343208921079 0.000000000000000 -0.000001682402059
0.000345181764642 0.000343167961616 0.000000000000000 0.000002013803026
0.000342147599509 0.000343093033360 0.000000000000000 -0.000000945433851
0.000344203712469 0.000343038514581 0.000000000000000 0.000001165197887
0.000343692982390 0.000342944809543 0.000000000000000 0.000000748172847
0.000343555126379 0.000342889815649 0.000000000000000 0.000000665310730
0.000341495659853 0.000342837410449 0.000000000000000 -0.000001341750596
0.000344156795426 0.000342714134011 0.000000000000000 0.000001442661416
0.000338803418863 0.000342634692550 0.000000000000000 -0.000003831273687
0.000344855189367 0.000342609073972 0.000000000000000 0.000002246115395
0.000342698062324 0.000342585019615 0.000000000000000 0.000000113042709
0.000343792530510 0.000342520605940 0.000000000000000 0.000001271924569
0.000338748921066 0.000342484375989 0.000000000000000 -0.000003735454923
0.000343764634019 0.000342453602630 0.000000000000000 0.000001311031388
0.000342507420105 0.000342365052597 0.000000000000000 0.000000142367508
0.000343318274165 0.000342280967173 0.000000000000000 0.000001037306992
0.000341555427323 0.000342156925771 0.000000000000000 -0.000000601498448
0.000344185571081 0.000342081992179 0.000000000000000 0.000002103578902
0.000339510419106 0.000341924097550 0.000000000000000 -0.000002413678444
0.000342715319382 0.000341781354843 0.000000000000000 0.000000933964539
0.000338159338013 0.000341649650760 0.000000000000000 -0.000003490312747
0.000341574514889 0.000341442909299 0.000000000000000 0.000000131605590
0.000343191834576 0.000341169651406 0.000000000000000 0.000002022183170
0.000342188695684 0.000340862131026 0.000000000000000 0.000001326564658
0.000339858720227 0.000340560925441 0.000000000000000 -0.000000702205214
0.000340910397452 0.000340367413516 0.000000000000000 0.000000542983936
0.000342914311903 0.000340169578267 0.000000000000000 0.000002744733636
0.000335855910251 0.000339834074265 0.000000000000000 -0.000003978164013
0.000339096408426 0.000339642914683 0.000000000000000 -0.000000546506257
0.000341582871389 0.000339421666943 0.000000000000000 0.000002161204446
0.000340572459596 0.000339123887214 0.000000000000000 0.000001448572382
0.000340351357941 0.000338636353885 0.000000000000000 0.000001715004056
0.000340964793946 0.000338341007682 0.000000000000000 0.000002623786264
0.000337691788350 0.000337854146440 0.000000000000000 -0.000000162358090
0.000336210863487 0.000337567948848 0.000000000000000 -0.000001357085361
0.000338491353534 0.000337249781861 0.000000000000000 0.000001241571673
0.000337218001582 0.000336947752344 0.000000000000000 0.000000270249238
0.000335947138244 0.000336638361697 0.000000000000000 -0.000000691223453
0.000334756511333 0.000336210486700 0.000000000000000 -0.000001453975367
0.000336538297686 0.000335878864579 0.000000000000000 0.000000659433107
0.000334542289563 0.000335259567151 0.000000000000000 -0.000000717277588
0.000337230331482 0.000334721652355 0.000000000000000 0.000002508679127
0.000339748251633 0.000334376768058 0.000000000000000 0.000005371483576
0.000332069783127 0.000334030987325 0.000000000000000 -0.000001961204199
0.000334992243332 0.000333613494280 0.000000000000000 0.000001378749052
0.000333067853267 0.000332993057973 0.000000000000000 0.000000074795294
0.000333730275046 0.000332599754746 0.000000000000000 0.000001130520301
0.000333179026375 0.000332246235027 0.000000000000000 0.000000932791348
0.000333804735643 0.000331637565885 0.000000000000000 0.000002167169758
0.000330538426239 0.000331221191816 0.000000000000000 -0.000000682765577
0.000333583244413 0.000330549918631 0.000000000000000 0.000003033325781
0.000333237223422 0.000330154943878 0.000000000000000 0.000003082279544
0.000330761662153 0.000329517370424 0.000000000000000 0.000001244291729
0.000329333192842 0.000328762034015 0.000000000000000 0.000000571158827
0.000331476222985 0.000328254717853 0.000000000000000 0.000003221505133
0.000327557293707 0.000327613655494 0.000000000000000 -0.000000056361787
0.000321654515235 0.000326921669433 0.000000000000000 -0.000005267154199
0.000326921789973 0.000326152436577 0.000000000000000 0.000000769353395
0.000327160178175 0.000325706647422 0.000000000000000 0.000001453530753
0.000324248506078 0.000325234675753 0.000000000000000 -0.000000986169675
0.000325837976321 0.000324710127229 0.000000000000000 0.000001127849092
0.000325432885359 0.000324325450124 0.000000000000000 0.000001107435235
0.000323355929939 0.000323871137082 0.000000000000000 -0.000000515207143
0.000325043540050 0.000323359168291 0.000000000000000 0.000001684371759
0.000321172816926 0.000322914382995 0.000000000000000 -0.000001741566069
0.000321232358656 0.000322412245493 0.000000000000000 -0.000001179886837
0.000323679488737 0.000322059616767 0.000000000000000 0.000001619871970
0.000321687318215 0.000321481376691 0.000000000000000 0.000000205941524
0.000322984871324 0.000320947142958 0.000000000000000 0.000002037728367
0.000319955234972 0.000320357728109 0.000000000000000 -0.000000402493137
0.000320015208470 0.000319756749430 0.000000000000000 0.000000258459041
0.000320424216255 0.000319323446284 0.000000000000000 0.000001100769971
0.000320985979592 0.000318840047787 0.000000000000000 0.000002145931805
0.000315124813684 0.000318326799996 0.000000000000000 -0.000003201986311
0.000316406180996 0.000317710446934 0.000000000000000 -0.000001304265938
0.000317867012940 0.000317235352633 0.000000000000000 0.000000631660308
0.000319522865372 0.000316597857528 0.000000000000000 0.000002925007845
0.000315234271614 0.000316226179471 0.000000000000000 -0.000000991907857
0.000314566212529 0.000315657380317 0.000000000000000 -0.000001091167788
0.000316976026773 0.000315190939381 0.000000000000000 0.000001785087392
0.000315707855003 0.000314676323322 0.000000000000000 0.000001031531681
0.000310493069000 0.000314410698759 0.000000000000000 -0.000003917629760
0.000316445389556 0.000314133587284 0.000000000000000 0.000002311802273
0.000315724834869 0.000313864792887 0.000000000000000 0.000001860041981
0.000314241126647 0.000313530913874 0.000000000000000 0.000000710212772
0.000315145879550 0.000313172279269 0.000000000000000 0.000001973600282
0.000312877642158 0.000312591596325 0.000000000000000 0.000000286045833
0.000311812051392 0.000312226107104 0.000000000000000 -0.000000414055712
0.000313527710412 0.000311655358222 0.000000000000000 0.000001872352191
0.000310733320133 0.000311032550883 0.000000000000000 -0.000000299230750
0.000310257702885 0.000310647615513 0.000000000000000 -0.000000389912628
0.000308570253206 0.000310101173189 0.000000000000000 -0.000001530919983
0.000309359639923 0.000309804324043 0.000000000000000 -0.000000444684120
0.000310261319709 0.000309444237495 0.000000000000000 0.000000817082214
