#Total(seconds)   GW(seconds)       Red(seconds)      White(seconds)
-0.000044824437864 -0.000044508569492 0.000000000000000 -0.000000315868372
-0.000044833094600 -0.000045259049044 0.000000000000000 0.000000425954444
-0.000046050501435 -0.000046058799244 0.000000000000000 0.000000008297809
-0.000047698628988 -0.000046568678378 0.000000000000000 -0.000001129950610
-0.000048330845939 -0.000047144777343 0.000000000000000 -0.000001186068596
-0.000046590366248 -0.000047807733803 0.000000000000000 0.000001217367554
-0.000049268223862 -0.000048549841534 0.000000000000000 -0.000000718382329
-0.000049895407141 -0.000049060195744 0.000000000000000 -0.000000835211397
-0.000049505220019 -0.000049782070660 0.000000000000000 0.000000276850642
-0.000052143812136 -0.000050481614331 0.000000000000000 -0.000001662197804
-0.000051618230950 -0.000051294660633 0.000000000000000 -0.000000323570316
-0.000053710876383 -0.000052207902761 0.000000000000000 -0.000001502973622
-0.000052889808194 -0.000052895848142 0.000000000000000 0.000000006039948
-0.000054004315413 -0.000053596121819 0.000000000000000 -0.000000408193594
-0.000054617618756 -0.000054247051776 0.000000000000000 -0.000000370566980
-0.000056225459352 -0.000055110302545 0.000000000000000 -0.000001115156807
-0.000054972350724 -0.000055805814055 0.000000000000000 0.000000833463330
-0.000057006945627 -0.000056815822433 0.000000000000000 -0.000000191123193
-0.000058697699354 -0.000057622637638 0.000000000000000 -0.000001075061716
-0.000059672997386 -0.000058392509517 0.000000000000000 -0.000001280487869
-0.000059129307241 -0.000059377958075 0.000000000000000 0.000000248650834
-0.000060394310774 -0.000060124868780 0.000000000000000 -0.000000269441995
-0.000062162856434 -0.000061222932288 0.000000000000000 -0.000000939924146
-0.000061471356690 -0.000061965262305 0.000000000000000 0.000000493905615
-0.000062961380668 -0.000063086415864 0.000000000000000 0.000000125035196
-0.000064914872289 -0.000064190212838 0.000000000000000 -0.000000724659451
-0.000065088734019 -0.000064832497036 0.000000000000000 -0.000000256236984
-0.000066611782852 -0.000065621214126 0.000000000000000 -0.000000990568727
-0.000065740191315 -0.000066560141324 0.000000000000000 0.000000819950009
-0.000067118330864 -0.000067164660636 0.000000000000000 0.000000046329772
-0.000068810418334 -0.000068191731164 0.000000000000000 -0.000000618687170
-0.000068814829729 -0.000068848774108 0.000000000000000 0.000000033944378
-0.000069730505080 -0.000069575010177 0.000000000000000 -0.000000155494904
-0.000071436810932 -0.000070264978375 0.000000000000000 -0.000001171832557
-0.000071788204247 -0.000071279213554 0.000000000000000 -0.000000508990693
-0.000072848511343 -0.000072317318019 0.000000000000000 -0.000000531193324
-0.000073329579281 -0.000072983235995 0.000000000000000 -0.000000346343286
-0.000074281505188 -0.000073777266375 0.000000000000000 -0.000000504238813
-0.000075206260085 -0.000074831278730 0.000000000000000 -0.000000374981355
-0.000076286869440 -0.000075531747883 0.000000000000000 -0.000000755121556
-0.000076743563813 -0.000076473820846 0.000000000000000 -0.000000269742967
-0.000077929807273 -0.000077028398683 0.000000000000000 -0.000000901408590
-0.000078049277164 -0.000077687020115 0.000000000000000 -0.000000362257049
-0.000077522432784 -0.000078870729376 0.000000000000000 0.000001348296592
-0.000079811452593 -0.000079783003510 0.000000000000000 -0.000000028449083
-0.000079967955605 -0.000080497923156 0.000000000000000 0.000000529967551
-0.000081668002166 -0.000081060460259 0.000000000000000 -0.000000607541907
-0.000081281053608 -0.000081879779262 0.000000000000000 0.000000598725654
-0.000082894307602 -0.000082527459711 0.000000000000000 -0.000000366847890
-0.000081746020490 -0.000083221873402 0.000000000000000 0.000001475852912
-0.000085049969178 -0.000084444336870 0.000000000000000 -0.000000605632308
-0.000085642107456 -0.000085148319554 0.000000000000000 -0.000000493787902
-0.000084513154607 -0.000086110921177 0.000000000000000 0.000001597766569
-0.000085924672571 -0.000086736130531 0.000000000000000 0.000000811457960
-0.000087853521285 -0.000087700126071 0.000000000000000 -0.000000153395214
-0.000089228556281 -0.000088361394095 0.000000000000000 -0.000000867162186
-0.000089920963791 -0.000088962665079 0.000000000000000 -0.000000958298712
-0.000088665816730 -0.000089959460995 0.000000000000000 0.000001293644265
-0.000090503959692 -0.000091283447002 0.000000000000000 0.000000779487310
-0.000093291671895 -0.000092605748129 0.000000000000000 -0.000000685923766
-0.000094148442332 -0.000093786039309 0.000000000000000 -0.000000362403024
-0.000094947963163 -0.000094584560251 0.000000000000000 -0.000000363402912
-0.000094492710746 -0.000095400110057 0.000000000000000 0.000000907399311
-0.000097811310224 -0.000096734976479 0.000000000000000 -0.000001076333745
-0.000098079256782 -0.000097443524116 0.000000000000000 -0.000000635732666
-0.000097825520108 -0.000098212301228 0.000000000000000 0.000000386781119
-0.000100087924606 -0.000099112782740 0.000000000000000 -0.000000975141866
-0.000099725794678 -0.000100435673601 0.000000000000000 0.000000709878923
-0.000101436330716 -0.000101202610637 0.000000000000000 -0.000000233720079
-0.000100573814456 -0.000102469135969 0.000000000000000 0.000001895321513
-0.000102960769579 -0.000103165741589 0.000000000000000 0.000000204972010
-0.000104817935093 -0.000103922960904 0.000000000000000 -0.000000894974189
-0.000104269152355 -0.000104645505069 0.000000000000000 0.000000376352714
-0.000103536083175 -0.000105367287804 0.000000000000000 0.000001831204629
-0.000106079789938 -0.000106331065750 0.000000000000000 0.000000251275812
-0.000108219254555 -0.000107049514597 0.000000000000000 -0.000001169739958
-0.000108303817289 -0.000108307630190 0.000000000000000 0.000000003812901
-0.000109929660754 -0.000109348490237 0.000000000000000 -0.000000581170517
-0.000109661932659 -0.000109996730845 0.000000000000000 0.000000334798186
-0.000111390037733 -0.000110645289978 0.000000000000000 -0.000000744747755
-0.000110439964036 -0.000111411430553 0.000000000000000 0.000000971466517
-0.000112310544095 -0.000112604355240 0.000000000000000 0.000000293811145
-0.000114222294917 -0.000113372161840 0.000000000000000 -0.000000850133077
-0.000113070602767 -0.000114057153999 0.000000000000000 0.000000986551232
-0.000115676884919 -0.000115273526097 0.000000000000000 -0.000000403358822
-0.000116872827483 -0.000116137976868 0.000000000000000 -0.000000734850615
-0.000117671211615 -0.000117476209797 0.000000000000000 -0.000000195001818
-0.000119813889934 -0.000118208160766 0.000000000000000 -0.000001605729168
-0.000119691923677 -0.000119324960017 0.000000000000000 -0.000000366963659
-0.000120183350381 -0.000120589266509 0.000000000000000 0.000000405916128
-0.000121397827594 -0.000121387208922 0.000000000000000 -0.000000010618672
-0.000122206358836 -0.000122364948093 0.000000000000000 0.000000158589257
-0.000123358113303 -0.000123394605864 0.000000000000000 0.000000036492561
-0.000124228081234 -0.000124539170112 0.000000000000000 0.000000311088878
-0.000126115647385 -0.000125223835896 0.000000000000000 -0.000000891811489
-0.000126456000329 -0.000125960085448 0.000000000000000 -0.000000495914881
-0.000128689199497 -0.000126843115503 0.000000000000000 -0.000001846083994
-0.000127921958853 -0.000127529326972 0.000000000000000 -0.000000392631881
-0.000127824935339 -0.000128320619772 0.000000000000000 0.000000495684433
-0.000128173528803 -0.000129194190317 0.000000000000000 0.000001020661514
-0.000129641552943 -0.000129965900866 0.000000000000000 0.000000324347923
-0.000130328452581 -0.000130850565704 0.000000000000000 0.000000522113124
-0.000131239686456 -0.000131501351289 0.000000000000000 0.000000261664833
-0.000131406724233 -0.000132532176332 0.000000000000000 0.000001125452099
-0.000132048600144 -0.000133464586501 0.000000000000000 0.000001415986357
-0.000134235834578 -0.000134536233282 0.000000000000000 0.000000300398703
-0.000135250014782 -0.000135585826572 0.000000000000000 0.000000335811790
-0.000135635545175 -0.000136331889101 0.000000000000000 0.000000696343926
-0.000136094492616 -0.000137136445287 0.000000000000000 0.000001041952671
-0.000138049741378 -0.000137990740735 0.000000000000000 -0.000000059000644
-0.000138730807659 -0.000138986056058 0.000000000000000 0.000000255248400
-0.000140220980144 -0.000139734532827 0.000000000000000 -0.000000486447316
-0.000139651194530 -0.000140773684197 0.000000000000000 0.000001122489667
-0.000141569641820 -0.000141419941414 0.000000000000000 -0.000000149700406
-0.000142654469841 -0.000142347995425 0.000000000000000 -0.000000306474416
-0.000143421955103 -0.000143074840848 0.000000000000000 -0.000000347114255
-0.000143057927717 -0.000143963011759 0.000000000000000 0.000000905084043
-0.000144630498988 -0.000144455032547 0.000000000000000 -0.000000175466441
-0.000144866022828 -0.000144958162334 0.000000000000000 0.000000092139506
-0.000145067690509 -0.000145447921225 0.000000000000000 0.000000380230716
-0.000146390735140 -0.000146048775972 0.000000000000000 -0.000000341959168
-0.000146413635567 -0.000146624110164 0.000000000000000 0.000000210474597
-0.000146417418975 -0.000147509998803 0.000000000000000 0.000001092579828
-0.000148164017906 -0.000148002251637 0.000000000000000 -0.000000161766270
-0.000147877427870 -0.000148771075892 0.000000000000000 0.000000893648022
-0.000149665296323 -0.000149684623901 0.000000000000000 0.000000019327578
-0.000148903764194 -0.000150323990404 0.000000000000000 0.000001420226210
-0.000150694081418 -0.000151281531442 0.000000000000000 0.000000587450025
-0.000152244250530 -0.000151832090545 0.000000000000000 -0.000000412159985
-0.000152527638258 -0.000152476436196 0.000000000000000 -0.000000051202062
