#Total(seconds)   GW(seconds)       Red(seconds)      White(seconds)
-0.000036253680907 -0.000036301088673 0.000000000000000 0.000000047407766
-0.000036198284653 -0.000036474941747 0.000000000000000 0.000000276657094
-0.000036473262627 -0.000036684980908 0.000000000000000 0.000000211718281
-0.000036654317144 -0.000036822270356 0.000000000000000 0.000000167953213
-0.000036759430632 -0.000036992400484 0.000000000000000 0.000000232969852
-0.000037293818071 -0.000037184382247 0.000000000000000 -0.000000109435823
-0.000037242608140 -0.000037382615696 0.000000000000000 0.000000140007556
-0.000037578534833 -0.000037499546872 0.000000000000000 -0.000000078987961
-0.000037548248470 -0.000037645365508 0.000000000000000 0.000000097117038
-0.000037758388722 -0.000037742738999 0.000000000000000 -0.000000015649723
-0.000037634706139 -0.000037872772661 0.000000000000000 0.000000238066522
-0.000038244813108 -0.000038053406681 0.000000000000000 -0.000000191406427
-0.000038155282236 -0.000038208600496 0.000000000000000 0.000000053318260
-0.000038524070853 -0.000038389585311 0.000000000000000 -0.000000134485542
-0.000038330593766 -0.000038560430412 0.000000000000000 0.000000229836646
-0.000039080032723 -0.000038750034302 0.000000000000000 -0.000000329998421
-0.000038841183219 -0.000038877085738 0.000000000000000 0.000000035902518
-0.000038936909663 -0.000039036724831 0.000000000000000 0.000000099815169
-0.000039294283473 -0.000039161250948 0.000000000000000 -0.000000133032525
-0.000039428681559 -0.000039288446176 0.000000000000000 -0.000000140235383
-0.000039525128228 -0.000039459439497 0.000000000000000 -0.000000065688731
-0.000039898424095 -0.000039583783360 0.000000000000000 -0.000000314640735
-0.000039643449296 -0.000039788145471 0.000000000000000 0.000000144696175
-0.000040036357034 -0.000039942728702 0.000000000000000 -0.000000093628332
-0.000040335852748 -0.000040187166346 0.000000000000000 -0.000000148686401
-0.000040368376461 -0.000040376874414 0.000000000000000 0.000000008497953
-0.000040467249242 -0.000040469973957 0.000000000000000 0.000000002724715
-0.000040671974213 -0.000040556815853 0.000000000000000 -0.000000115158359
-0.000040893601463 -0.000040639236166 0.000000000000000 -0.000000254365297
-0.000040645282480 -0.000040711147781 0.000000000000000 0.000000065865301
-0.000041027631213 -0.000040852039487 0.000000000000000 -0.000000175591726
-0.000041487588116 -0.000040950411128 0.000000000000000 -0.000000537176988
-0.000041173302090 -0.000041057164971 0.000000000000000 -0.000000116137119
-0.000041468955429 -0.000041166781301 0.000000000000000 -0.000000302174128
-0.000041587174093 -0.000041314314922 0.000000000000000 -0.000000272859171
-0.000041527911168 -0.000041468795893 0.000000000000000 -0.000000059115275
-0.000041664027260 -0.000041551226766 0.000000000000000 -0.000000112800494
-0.000041524291121 -0.000041650404684 0.000000000000000 0.000000126113563
-0.000041565411153 -0.000041760593165 0.000000000000000 0.000000195182012
-0.000041880795795 -0.000041834256872 0.000000000000000 -0.000000046538923
-0.000042013245721 -0.000041948897568 0.000000000000000 -0.000000064348153
-0.000041695199442 -0.000042027296037 0.000000000000000 0.000000332096595
-0.000041700598479 -0.000042123579366 0.000000000000000 0.000000422980887
-0.000042348307240 -0.000042285903405 0.000000000000000 -0.000000062403835
-0.000042400701468 -0.000042396062986 0.000000000000000 -0.000000004638482
-0.000042264910987 -0.000042507593676 0.000000000000000 0.000000242682689
-0.000042459575998 -0.000042597666483 0.000000000000000 0.000000138090485
-0.000042998564271 -0.000042732193148 0.000000000000000 -0.000000266371122
-0.000042661090463 -0.000042838894636 0.000000000000000 0.000000177804173
-0.000042708017420 -0.000042947027499 0.000000000000000 0.000000239010080
-0.000043180101107 -0.000043154130242 0.000000000000000 -0.000000025970864
-0.000043182820701 -0.000043278836231 0.000000000000000 0.000000096015530
-0.000043184648817 -0.000043470956927 0.000000000000000 0.000000286308111
-0.000043542299586 -0.000043606230124 0.000000000000000 0.000000063930538
-0.000043631909161 -0.000043810629587 0.000000000000000 0.000000178720426
-0.000044277010786 -0.000043956604567 0.000000000000000 -0.000000320406219
-0.000044202677910 -0.000044089968193 0.000000000000000 -0.000000112709717
-0.000044498432013 -0.000044308443487 0.000000000000000 -0.000000189988526
-0.000044807460293 -0.000044590539728 0.000000000000000 -0.000000216920565
-0.000044913931127 -0.000044838484551 0.000000000000000 -0.000000075446576
-0.000045130730073 -0.000045054764651 0.000000000000000 -0.000000075965422
-0.000045112910841 -0.000045195937340 0.000000000000000 0.000000083026498
-0.000045174177903 -0.000045335031309 0.000000000000000 0.000000160853406
-0.000045593039230 -0.000045620023819 0.000000000000000 0.000000026984589
-0.000045717749687 -0.000045787863178 0.000000000000000 0.000000070113491
-0.000046087085450 -0.000045978823533 0.000000000000000 -0.000000108261917
-0.000046356141041 -0.000046215491128 0.000000000000000 -0.000000140649913
-0.000046549123169 -0.000046584664169 0.000000000000000 0.000000035541000
-0.000046757386775 -0.000046821202149 0.000000000000000 0.000000063815375
-0.000047266884525 -0.000047223796782 0.000000000000000 -0.000000043087743
-0.000047251687952 -0.000047451057579 0.000000000000000 0.000000199369627
-0.000047742294917 -0.000047675816302 0.000000000000000 -0.000000066478615
-0.000047914352618 -0.000047893651570 0.000000000000000 -0.000000020701048
-0.000047914841695 -0.000048109189455 0.000000000000000 0.000000194347759
-0.000048593314299 -0.000048370666102 0.000000000000000 -0.000000222648197
-0.000048239552685 -0.000048561134312 0.000000000000000 0.000000321581627
-0.000048983049004 -0.000048900983959 0.000000000000000 -0.000000082065044
-0.000049169007817 -0.000049199591271 0.000000000000000 0.000000030583454
-0.000049619974617 -0.000049384259642 0.000000000000000 -0.000000235714975
-0.000049551778539 -0.000049581791160 0.000000000000000 0.000000030012621
-0.000049769532770 -0.000049797003077 0.000000000000000 0.000000027470308
-0.000050368598994 -0.000050120153912 0.000000000000000 -0.000000248445083
-0.000050439648754 -0.000050327606638 0.000000000000000 -0.000000112042115
-0.000050272573240 -0.000050499309767 0.000000000000000 0.000000226736527
-0.000050704066385 -0.000050796962142 0.000000000000000 0.000000092895756
-0.000050888979969 -0.000051030842520 0.000000000000000 0.000000141862550
-0.000051346372839 -0.000051443748002 0.000000000000000 0.000000097375163
-0.000051886328642 -0.000051702202567 0.000000000000000 -0.000000184126075
-0.000051947285748 -0.000052101063315 0.000000000000000 0.000000153777567
-0.000052593180731 -0.000052589710503 0.000000000000000 -0.000000003470228
-0.000052858999223 -0.000052891222172 0.000000000000000 0.000000032222949
-0.000053190862274 -0.000053259979303 0.000000000000000 0.000000069117029
-0.000053719825180 -0.000053637464449 0.000000000000000 -0.000000082360731
-0.000054086935622 -0.000054048387732 0.000000000000000 -0.000000038547890
-0.000053891293527 -0.000054291488469 0.000000000000000 0.000000400194942
-0.000054224471695 -0.000054562346390 0.000000000000000 0.000000337874695
-0.000054803166159 -0.000054888319451 0.000000000000000 0.000000085153292
-0.000055414895126 -0.000055142414640 0.000000000000000 -0.000000272480486
-0.000055485849700 -0.000055429846425 0.000000000000000 -0.000000056003275
-0.000055748091991 -0.000055742848082 0.000000000000000 -0.000000005243909
-0.000055625578197 -0.000056043367529 0.000000000000000 0.000000417789332
-0.000056795898113 -0.000056442070861 0.000000000000000 -0.000000353827251
-0.000056734921721 -0.000056748865581 0.000000000000000 0.000000013943861
-0.000056834123370 -0.000057264162415 0.000000000000000 0.000000430039045
-0.000057667412778 -0.000057754541925 0.000000000000000 0.000000087129146
-0.000058602510858 -0.000058328907299 0.000000000000000 -0.000000273603560
-0.000058958677891 -0.000058867864420 0.000000000000000 -0.000000090813471
-0.000059439484064 -0.000059238962267 0.000000000000000 -0.000000200521797
-0.000059853577513 -0.000059623038107 0.000000000000000 -0.000000230539406
-0.000059738026352 -0.000060016306912 0.000000000000000 0.000000278280560
-0.000060795858124 -0.000060503642373 0.000000000000000 -0.000000292215751
-0.000060694533278 -0.000060867276819 0.000000000000000 0.000000172743542
-0.000061395380171 -0.000061406185448 0.000000000000000 0.000000010805277
-0.000061865862785 -0.000061734132666 0.000000000000000 -0.000000131730119
-0.000062186590767 -0.000062199007733 0.000000000000000 0.000000012416966
-0.000062716762809 -0.000062574611320 0.000000000000000 -0.000000142151489
-0.000062659375654 -0.000063044127681 0.000000000000000 0.000000384752027
-0.000063505674024 -0.000063306476208 0.000000000000000 -0.000000199197815
-0.000063846577848 -0.000063579062109 0.000000000000000 -0.000000267515739
-0.000063802421707 -0.000063849716884 0.000000000000000 0.000000047295177
-0.000064321234342 -0.000064190319936 0.000000000000000 -0.000000130914406
-0.000064488324595 -0.000064550725705 0.000000000000000 0.000000062401110
-0.000065120659587 -0.000065105273503 0.000000000000000 -0.000000015386084
-0.000065213964451 -0.000065416488184 0.000000000000000 0.000000202523733
-0.000066025917760 -0.000065884609793 0.000000000000000 -0.000000141307966
-0.000066244087953 -0.000066423106844 0.000000000000000 0.000000179018892
-0.000067000601230 -0.000066800963061 0.000000000000000 -0.000000199638170
-0.000067370197175 -0.000067353092123 0.000000000000000 -0.000000017105052
-0.000067917590132 -0.000067669363424 0.000000000000000 -0.000000248226708
-0.000068016991030 -0.000068043323237 0.000000000000000 0.000000026332206
