#Total(seconds)   GW(seconds)       Red(seconds)      White(seconds)
-0.000084322913227 -0.000084451288902 0.000000000000000 0.000000128375675
-0.000084610484764 -0.000084867198944 0.000000000000000 0.000000256714180
-0.000085718930113 -0.000085292136771 0.000000000000000 -0.000000426793342
-0.000085061053945 -0.000085589776094 0.000000000000000 0.000000528722149
-0.000085769172655 -0.000085948155452 0.000000000000000 0.000000178982796
-0.000086494702144 -0.000086350417786 0.000000000000000 -0.000000144284357
-0.000086181197784 -0.000086760539345 0.000000000000000 0.000000579341561
-0.000086968755811 -0.000087047480017 0.000000000000000 0.000000078724206
-0.000087149804701 -0.000087451141113 0.000000000000000 0.000000301336411
-0.000087610951293 -0.000087892071263 0.000000000000000 0.000000281119970
-0.000088502867855 -0.000088456699405 0.000000000000000 -0.000000046168450
-0.000088810289088 -0.000089107913321 0.000000000000000 0.000000297624234
-0.000089538160938 -0.000089611951275 0.000000000000000 0.000000073790337
-0.000090071639061 -0.000090133844388 0.000000000000000 0.000000062205327
-0.000090310424178 -0.000090663628647 0.000000000000000 0.000000353204469
-0.000091184111451 -0.000091348227073 0.000000000000000 0.000000164115622
-0.000091706880158 -0.000091869945224 0.000000000000000 0.000000163065066
-0.000092653770141 -0.000092567873612 0.000000000000000 -0.000000085896529
-0.000093185548774 -0.000093119004181 0.000000000000000 -0.000000066544593
-0.000093814895626 -0.000093641101950 0.000000000000000 -0.000000173793676
-0.000094565736291 -0.000094316351074 0.000000000000000 -0.000000249385217
-0.000094967353110 -0.000094842015281 0.000000000000000 -0.000000125337829
-0.000096066757293 -0.000095609247722 0.000000000000000 -0.000000457509571
-0.000095848238262 -0.000096123181855 0.000000000000000 0.000000274943593
-0.000097517637196 -0.000096912762292 0.000000000000000 -0.000000604874904
-0.000097413589194 -0.000097683948022 0.000000000000000 0.000000270358828
-0.000097904919997 -0.000098127697390 0.000000000000000 0.000000222777393
-0.000098630202838 -0.000098643730045 0.000000000000000 0.000000013527207
-0.000098861214955 -0.000099236748254 0.000000000000000 0.000000375533299
-0.000100327705050 -0.000099610268823 0.000000000000000 -0.000000717436227
-0.000100111931355 -0.000100233555766 0.000000000000000 0.000000121624412
-0.000100648964883 -0.000100644634709 0.000000000000000 -0.000000004330175
-0.000101130888966 -0.000101122652045 0.000000000000000 -0.000000008236922
-0.000101111423855 -0.000101567720686 0.000000000000000 0.000000456296831
-0.000101971706568 -0.000102210491385 0.000000000000000 0.000000238784817
-0.000103291345152 -0.000102891646747 0.000000000000000 -0.000000399698405
-0.000104312869158 -0.000103341024283 0.000000000000000 -0.000000971844875
-0.000103243187848 -0.000103895334529 0.000000000000000 0.000000652146681
-0.000104436979514 -0.000104644049485 0.000000000000000 0.000000207069972
-0.000105053954983 -0.000105147450496 0.000000000000000 0.000000093495513
-0.000106439301962 -0.000105839015328 0.000000000000000 -0.000000600286634
-0.000106124561441 -0.000106265015103 0.000000000000000 0.000000140453662
-0.000106862644152 -0.000106759293833 0.000000000000000 -0.000000103350319
-0.000108312196009 -0.000107621400055 0.000000000000000 -0.000000690795954
-0.000108590468467 -0.000108274890813 0.000000000000000 -0.000000315577654
-0.000108757938744 -0.000108762484053 0.000000000000000 0.000000004545309
-0.000109018982241 -0.000109131171177 0.000000000000000 0.000000112188937
-0.000109920588555 -0.000109657433878 0.000000000000000 -0.000000263154677
-0.000109618606845 -0.000110068422314 0.000000000000000 0.000000449815469
-0.000110450534766 -0.000110505830848 0.000000000000000 0.000000055296082
-0.000111445627104 -0.000111236900243 0.000000000000000 -0.000000208726862
-0.000111549672894 -0.000111644441419 0.000000000000000 0.000000094768525
-0.000111975091271 -0.000112226730616 0.000000000000000 0.000000251639345
-0.000112300609309 -0.000112632780133 0.000000000000000 0.000000332170824
-0.000112542537556 -0.000113258145112 0.000000000000000 0.000000715607556
-0.000113872709223 -0.000113698393494 0.000000000000000 -0.000000174315729
-0.000114056514385 -0.000114087909877 0.000000000000000 0.000000031395492
-0.000113881668716 -0.000114676972451 0.000000000000000 0.000000795303735
-0.000115888669593 -0.000115434955122 0.000000000000000 -0.000000453714471
-0.000116102148931 -0.000116146853610 0.000000000000000 0.000000044704679
-0.000116625240691 -0.000116761242923 0.000000000000000 0.000000136002232
-0.000116781514787 -0.000117150555972 0.000000000000000 0.000000369041185
-0.000117932045574 -0.000117530407586 0.000000000000000 -0.000000401637988
-0.000118603733084 -0.000118098014322 0.000000000000000 -0.000000505718762
-0.000118661413666 -0.000118359047835 0.000000000000000 -0.000000302365831
-0.000118868103055 -0.000118624688555 0.000000000000000 -0.000000243414500
-0.000118793058628 -0.000118928548165 0.000000000000000 0.000000135489537
-0.000119297236850 -0.000119340551018 0.000000000000000 0.000000043314168
-0.000119568904704 -0.000119554197513 0.000000000000000 -0.000000014707191
-0.000119666348558 -0.000119862850495 0.000000000000000 0.000000196501937
-0.000119352213117 -0.000119996013431 0.000000000000000 0.000000643800314
-0.000119796731143 -0.000120104807623 0.000000000000000 0.000000308076481
-0.000120209473830 -0.000120180586403 0.000000000000000 -0.000000028887427
-0.000120480290141 -0.000120232668888 0.000000000000000 -0.000000247621253
-0.000120901987902 -0.000120286170204 0.000000000000000 -0.000000615817697
-0.000119801111201 -0.000120300892339 0.000000000000000 0.000000499781138
-0.000120270638220 -0.000120303404274 0.000000000000000 0.000000032766053
-0.000120705672826 -0.000120264568314 0.000000000000000 -0.000000441104513
-0.000120558003197 -0.000120208841830 0.000000000000000 -0.000000349161367
-0.000120539955173 -0.000120145342737 0.000000000000000 -0.000000394612436
-0.000119952882495 -0.000120067943040 0.000000000000000 0.000000115060545
-0.000119422366430 -0.000119920065696 0.000000000000000 0.000000497699267
-0.000120294902764 -0.000119842849117 0.000000000000000 -0.000000452053648
-0.000120003767557 -0.000119786345952 0.000000000000000 -0.000000217421606
-0.000120003015861 -0.000119724705105 0.000000000000000 -0.000000278310755
-0.000119415724439 -0.000119685237620 0.000000000000000 0.000000269513181
-0.000119730191548 -0.000119559352034 0.000000000000000 -0.000000170839514
-0.000119424574317 -0.000119497261032 0.000000000000000 0.000000072686715
-0.000119322347273 -0.000119427822580 0.000000000000000 0.000000105475308
-0.000119565256177 -0.000119306367238 0.000000000000000 -0.000000258888939
-0.000118277505254 -0.000119183596287 0.000000000000000 0.000000906091033
-0.000117866927398 -0.000119028444936 0.000000000000000 0.000001161517538
-0.000118787952240 -0.000118875343522 0.000000000000000 0.000000087391282
-0.000118836073897 -0.000118660891303 0.000000000000000 -0.000000175182595
-0.000118019243622 -0.000118497847372 0.000000000000000 0.000000478603750
-0.000118265442315 -0.000118277370090 0.000000000000000 0.000000011927775
-0.000117943182971 -0.000117974349346 0.000000000000000 0.000000031166375
-0.000117876230827 -0.000117727426662 0.000000000000000 -0.000000148804166
-0.000117752732460 -0.000117436861265 0.000000000000000 -0.000000315871195
-0.000117774242687 -0.000117106081668 0.000000000000000 -0.000000668161019
-0.000116491515591 -0.000116819186575 0.000000000000000 0.000000327670983
-0.000116037543914 -0.000116481307843 0.000000000000000 0.000000443763929
-0.000116585722182 -0.000116229955524 0.000000000000000 -0.000000355766658
-0.000115419781682 -0.000115816292622 0.000000000000000 0.000000396510939
-0.000115097578486 -0.000115405926096 0.000000000000000 0.000000308347610
-0.000115025920027 -0.000114917019181 0.000000000000000 -0.000000108900846
-0.000114173061185 -0.000114406521829 0.000000000000000 0.000000233460644
-0.000114603275752 -0.000113990267484 0.000000000000000 -0.000000613008268
-0.000113712331112 -0.000113533204060 0.000000000000000 -0.000000179127052
-0.000113055229440 -0.000113061334919 0.000000000000000 0.000000006105479
-0.000112784527577 -0.000112534712181 0.000000000000000 -0.000000249815395
-0.000112369282032 -0.000112148881839 0.000000000000000 -0.000000220400193
-0.000111452211103 -0.000111656892597 0.000000000000000 0.000000204681494
-0.000111011269705 -0.000111363474628 0.000000000000000 0.000000352204923
-0.000111668098945 -0.000110935857544 0.000000000000000 -0.000000732241401
-0.000110597403003 -0.000110576137451 0.000000000000000 -0.000000021265552
-0.000109746405973 -0.000110142983526 0.000000000000000 0.000000396577554
-0.000110361907363 -0.000109908433313 0.000000000000000 -0.000000453474050
-0.000110515426035 -0.000109642052040 0.000000000000000 -0.000000873373995
-0.000109252463615 -0.000109380012871 0.000000000000000 0.000000127549256
-0.000108906322838 -0.000109053436235 0.000000000000000 0.000000147113396
-0.000108939859397 -0.000108704756717 0.000000000000000 -0.000000235102680
-0.000108320260769 -0.000108132331422 0.000000000000000 -0.000000187929346
-0.000107509352658 -0.000107788405228 0.000000000000000 0.000000279052571
-0.000107240758354 -0.000107255965613 0.000000000000000 0.000000015207260
-0.000106933486448 -0.000106656874306 0.000000000000000 -0.000000276612142
-0.000106092744321 -0.000106298661873 0.000000000000000 0.000000205917552
-0.000106534998162 -0.000105774217103 0.000000000000000 -0.000000760781059
-0.000104664651632 -0.000105435592040 0.000000000000000 0.000000770940408
-0.000105483181482 -0.000105011693001 0.000000000000000 -0.000000471488481
